current	resistance	setpoint	temperature	time
 9.77420000000000E-0008	 1.01634796455749E+0003	 1.40000000000000E+0000	 1.40000000000000E+0000	 7.37994488700000E+0002
 9.77420000000000E-0008	 1.08414994969020E+0003	 1.40000000000000E+0000	 1.40000000000000E+0000	 7.46789285500000E+0002
 9.77420000000000E-0008	 1.09309447654543E+0003	 1.40000000000000E+0000	 1.40000000000000E+0000	 7.55574620700000E+0002
 9.77420000000000E-0008	 1.03601825324913E+0003	 1.40000000000000E+0000	 1.40000000000000E+0000	 7.64371477900000E+0002
 9.77420000000000E-0008	 9.98573966695110E+0002	 1.40000000000000E+0000	 1.40000000000000E+0000	 7.73157401000000E+0002
 9.77420000000000E-0008	 9.99741570486597E+0002	 1.40000000000000E+0000	 1.40000000000000E+0000	 7.81939592500000E+0002
 9.77420000000000E-0008	 1.01232527120288E+0003	 1.40000000000000E+0000	 1.40000000000000E+0000	 7.90724131600000E+0002
 9.77420000000000E-0008	 1.04299830803182E+0003	 1.40000000000000E+0000	 1.40000000000000E+0000	 7.99506019000000E+0002
 9.77420000000000E-0008	 1.06674242601054E+0003	 1.40000000000000E+0000	 1.40000000000000E+0000	 8.08296045700000E+0002
 9.77420000000000E-0008	 1.01194601303703E+0003	 1.40000000000000E+0000	 1.40000000000000E+0000	 8.17080746300000E+0002
 1.13367820000000E-0007	 9.35627153252205E+0002	 1.54000000000000E+0000	 1.54000000000000E+0000	 9.13833543900000E+0002
 1.13367820000000E-0007	 9.73658327931722E+0002	 1.54000000000000E+0000	 1.54000000000000E+0000	 9.22614815100000E+0002
 1.13367820000000E-0007	 9.56591879628528E+0002	 1.54000000000000E+0000	 1.54000000000000E+0000	 9.31396126400000E+0002
 1.13367820000000E-0007	 9.19504962691513E+0002	 1.54000000000000E+0000	 1.54000000000000E+0000	 9.40178509400000E+0002
 1.13367820000000E-0007	 9.70810858085656E+0002	 1.54000000000000E+0000	 1.54000000000000E+0000	 9.48958583600000E+0002
 1.13367820000000E-0007	 9.71982913415843E+0002	 1.54000000000000E+0000	 1.54000000000000E+0000	 9.57737748000000E+0002
 1.13367820000000E-0007	 9.93013774575688E+0002	 1.54000000000000E+0000	 1.54000000000000E+0000	 9.66517087000000E+0002
 1.13367820000000E-0007	 9.54809914628088E+0002	 1.54000000000000E+0000	 1.54000000000000E+0000	 9.75309836000000E+0002
 1.13367820000000E-0007	 9.22800679403670E+0002	 1.54000000000000E+0000	 1.54000000000000E+0000	 9.84096931300000E+0002
 1.13367820000000E-0007	 9.38908173345801E+0002	 1.54000000000000E+0000	 1.54000000000000E+0000	 9.92877556300000E+0002
 1.30735062200000E-0007	 8.74922158210647E+0002	 1.69400000000000E+0000	 1.69400000000000E+0000	 1.09047230920000E+0003
 1.30735062200000E-0007	 9.12845072633777E+0002	 1.69400000000000E+0000	 1.69400000000000E+0000	 1.09925509810000E+0003
 1.30735062200000E-0007	 8.80436654587196E+0002	 1.69400000000000E+0000	 1.69400000000000E+0000	 1.10805266410000E+0003
 1.30735062200000E-0007	 8.90506743002142E+0002	 1.69400000000000E+0000	 1.69400000000000E+0000	 1.11683890490000E+0003
 1.30735062200000E-0007	 8.48604853434986E+0002	 1.69400000000000E+0000	 1.69400000000000E+0000	 1.12562285550000E+0003
 1.30735062200000E-0007	 9.12985244696497E+0002	 1.69400000000000E+0000	 1.69400000000000E+0000	 1.13440777720000E+0003
 1.30735062200000E-0007	 8.61949870951660E+0002	 1.69400000000000E+0000	 1.69400000000000E+0000	 1.14318866300000E+0003
 1.30735062200000E-0007	 9.19506431341671E+0002	 1.69400000000000E+0000	 1.69400000000000E+0000	 1.15197618550000E+0003
 1.30735062200000E-0007	 8.54179878656800E+0002	 1.69400000000000E+0000	 1.69400000000000E+0000	 1.16076013320000E+0003
 1.30735062200000E-0007	 8.86884569472311E+0002	 1.69400000000000E+0000	 1.69400000000000E+0000	 1.16955949850000E+0003
 1.50055425262000E-0007	 8.09617379554711E+0002	 1.86340000000000E+0000	 1.86340000000000E+0000	 1.26913757160000E+0003
 1.50055425262000E-0007	 8.21441311609889E+0002	 1.86340000000000E+0000	 1.86340000000000E+0000	 1.27792606610000E+0003
 1.50055425262000E-0007	 8.00569018404505E+0002	 1.86340000000000E+0000	 1.86340000000000E+0000	 1.28670744220000E+0003
 1.50055425262000E-0007	 8.42091559142876E+0002	 1.86340000000000E+0000	 1.86340000000000E+0000	 1.29550963110000E+0003
 1.50055425262000E-0007	 8.30381425494802E+0002	 1.86340000000000E+0000	 1.86340000000000E+0000	 1.30429078420000E+0003
 1.50055425262000E-0007	 8.13861227468412E+0002	 1.86340000000000E+0000	 1.86340000000000E+0000	 1.31307177370000E+0003
 1.50055425262000E-0007	 8.26873103870918E+0002	 1.86340000000000E+0000	 1.86340000000000E+0000	 1.32185287790000E+0003
 1.50055425262000E-0007	 8.09373129315074E+0002	 1.86340000000000E+0000	 1.86340000000000E+0000	 1.33063493880000E+0003
 1.50055425262000E-0007	 8.20997220265094E+0002	 1.86340000000000E+0000	 1.86340000000000E+0000	 1.33942836960000E+0003
 1.50055425262000E-0007	 7.96455622323337E+0002	 1.86340000000000E+0000	 1.86340000000000E+0000	 1.34821352350000E+0003
 1.71569664567020E-0007	 7.50674943290902E+0002	 2.04974000000000E+0000	 2.04970000000000E+0000	 1.44781002290000E+0003
 1.71569664567020E-0007	 7.70299606940025E+0002	 2.04974000000000E+0000	 2.04970000000000E+0000	 1.45661162130000E+0003
 1.71569664567020E-0007	 7.80726119851081E+0002	 2.04974000000000E+0000	 2.04970000000000E+0000	 1.46539373470000E+0003
 1.71569664567020E-0007	 7.80745540596899E+0002	 2.04974000000000E+0000	 2.04970000000000E+0000	 1.47417474500000E+0003
 1.71569664567020E-0007	 7.57748949955121E+0002	 2.04974000000000E+0000	 2.04970000000000E+0000	 1.48295563320000E+0003
 1.71569664567020E-0007	 7.46108640430436E+0002	 2.04974000000000E+0000	 2.04970000000000E+0000	 1.49173743250000E+0003
 1.71569664567020E-0007	 7.56705084867401E+0002	 2.04974000000000E+0000	 2.04970000000000E+0000	 1.50053156490000E+0003
 1.71569664567020E-0007	 7.62159886849041E+0002	 2.04974000000000E+0000	 2.04970000000000E+0000	 1.50931334700000E+0003
 1.71569664567020E-0007	 7.61591830033864E+0002	 2.04974000000000E+0000	 2.04970000000000E+0000	 1.51809445970000E+0003
 1.71569664567020E-0007	 7.52568466008160E+0002	 2.04974000000000E+0000	 2.04970000000000E+0000	 1.52688009930000E+0003
 1.95552154126094E-0007	 7.11097317744209E+0002	 2.25471400000000E+0000	 2.25470000000000E+0000	 1.62463616530000E+0003
 1.95552154126094E-0007	 7.13968424495219E+0002	 2.25471400000000E+0000	 2.25470000000000E+0000	 1.63341738240000E+0003
 1.95552154126094E-0007	 6.95791848075991E+0002	 2.25471400000000E+0000	 2.25470000000000E+0000	 1.64221860740000E+0003
 1.95552154126094E-0007	 6.85875028318794E+0002	 2.25471400000000E+0000	 2.25470000000000E+0000	 1.65100244250000E+0003
 1.95552154126094E-0007	 6.99617150542470E+0002	 2.25471400000000E+0000	 2.25470000000000E+0000	 1.65980128340000E+0003
 1.95552154126094E-0007	 6.94060238440553E+0002	 2.25471400000000E+0000	 2.25470000000000E+0000	 1.66858925260000E+0003
 1.95552154126094E-0007	 6.93555451867860E+0002	 2.25471400000000E+0000	 2.25470000000000E+0000	 1.67737075030000E+0003
 1.95552154126094E-0007	 7.13112204232677E+0002	 2.25471400000000E+0000	 2.25470000000000E+0000	 1.68617711120000E+0003
 1.95552154126094E-0007	 7.04961072529327E+0002	 2.25471400000000E+0000	 2.25470000000000E+0000	 1.69495846160000E+0003
 1.95552154126094E-0007	 6.91327575264332E+0002	 2.25471400000000E+0000	 2.25480000000000E+0000	 1.70374514920000E+0003
 2.22316252492574E-0007	 6.56256032716509E+0002	 2.48018540000000E+0000	 2.48020000000000E+0000	 1.80236871520000E+0003
 2.22316252492574E-0007	 6.62300279232119E+0002	 2.48018540000000E+0000	 2.48020000000000E+0000	 1.81115230540000E+0003
 2.22316252492574E-0007	 6.58127763116104E+0002	 2.48018540000000E+0000	 2.48020000000000E+0000	 1.81993335740000E+0003
 2.22316252492574E-0007	 6.49664693831849E+0002	 2.48018540000000E+0000	 2.48020000000000E+0000	 1.82871473130000E+0003
 2.22316252492574E-0007	 6.50438492285335E+0002	 2.48018540000000E+0000	 2.48020000000000E+0000	 1.83751150070000E+0003
 2.22316252492574E-0007	 6.60392950356455E+0002	 2.48018540000000E+0000	 2.48020000000000E+0000	 1.84629339250000E+0003
 2.22316252492574E-0007	 6.57415793594737E+0002	 2.48018540000000E+0000	 2.48030000000000E+0000	 1.85507500760000E+0003
 2.22316252492574E-0007	 6.57976001191813E+0002	 2.48018540000000E+0000	 2.48020000000000E+0000	 1.86385955290000E+0003
 2.22316252492574E-0007	 6.56724433717409E+0002	 2.48018540000000E+0000	 2.48020000000000E+0000	 1.87264053460000E+0003
 2.22316252492574E-0007	 6.58182097632209E+0002	 2.48018540000000E+0000	 2.48020000000000E+0000	 1.88143409890000E+0003
 2.52220626116015E-0007	 6.20239771928588E+0002	 2.72820394000000E+0000	 2.72820000000000E+0000	 1.97798876860000E+0003
 2.52220626116015E-0007	 6.04727460735844E+0002	 2.72820394000000E+0000	 2.72820000000000E+0000	 1.98677301340000E+0003
 2.52220626116015E-0007	 6.07422669068279E+0002	 2.72820394000000E+0000	 2.72820000000000E+0000	 1.99555470570000E+0003
 2.52220626116015E-0007	 6.14096282347304E+0002	 2.72820394000000E+0000	 2.72820000000000E+0000	 2.00434675130000E+0003
 2.52220626116015E-0007	 5.96488248499009E+0002	 2.72820394000000E+0000	 2.72820000000000E+0000	 2.01313370690000E+0003
 2.52220626116015E-0007	 6.03997508479144E+0002	 2.72820394000000E+0000	 2.72820000000000E+0000	 2.02193002090000E+0003
 2.52220626116015E-0007	 6.05416126100198E+0002	 2.72820394000000E+0000	 2.72820000000000E+0000	 2.03071123930000E+0003
 2.52220626116015E-0007	 6.19549455088541E+0002	 2.72820394000000E+0000	 2.72820000000000E+0000	 2.03949205240000E+0003
 2.52220626116015E-0007	 6.19067224185924E+0002	 2.72820394000000E+0000	 2.72820000000000E+0000	 2.04827369310000E+0003
 2.52220626116015E-0007	 5.88848521939056E+0002	 2.72820394000000E+0000	 2.72820000000000E+0000	 2.05705541320000E+0003
 2.85676714260378E-0007	 5.67459059049107E+0002	 3.00102433400000E+0000	 3.00100000000000E+0000	 2.15057030310000E+0003
 2.85676714260378E-0007	 5.66438577708540E+0002	 3.00102433400000E+0000	 3.00100000000000E+0000	 2.15935102370000E+0003
 2.85676714260378E-0007	 5.68129661072909E+0002	 3.00102433400000E+0000	 3.00100000000000E+0000	 2.16814904380000E+0003
 2.85676714260378E-0007	 5.66626637841302E+0002	 3.00102433400000E+0000	 3.00100000000000E+0000	 2.17693087910000E+0003
 2.85676714260378E-0007	 5.66670372755898E+0002	 3.00102433400000E+0000	 3.00100000000000E+0000	 2.18571188510000E+0003
 2.85676714260378E-0007	 5.59959979026426E+0002	 3.00102433400000E+0000	 3.00100000000000E+0000	 2.19449385600000E+0003
 2.85676714260378E-0007	 5.67231637493210E+0002	 3.00102433400000E+0000	 3.00100000000000E+0000	 2.20327580300000E+0003
 2.85676714260378E-0007	 5.64416566823731E+0002	 3.00102433400000E+0000	 3.00100000000000E+0000	 2.21206977640000E+0003
 2.85676714260378E-0007	 5.66212613983129E+0002	 3.00102433400000E+0000	 3.00100000000000E+0000	 2.22085156450000E+0003
 2.85676714260378E-0007	 5.75598126655373E+0002	 3.00102433400000E+0000	 3.00100000000000E+0000	 2.22963284450000E+0003
 3.23157556581057E-0007	 5.27279891341399E+0002	 3.30112676740000E+0000	 3.30110000000000E+0000	 2.32312996130000E+0003
 3.23157556581057E-0007	 5.22710223350000E+0002	 3.30112676740000E+0000	 3.30110000000000E+0000	 2.33191119330000E+0003
 3.23157556581057E-0007	 5.19813265187376E+0002	 3.30112676740000E+0000	 3.30110000000000E+0000	 2.34070902240000E+0003
 3.23157556581057E-0007	 5.27991244057488E+0002	 3.30112676740000E+0000	 3.30110000000000E+0000	 2.34949048390000E+0003
 3.23157556581057E-0007	 5.15558035715409E+0002	 3.30112676740000E+0000	 3.30110000000000E+0000	 2.35827215400000E+0003
 3.23157556581057E-0007	 5.27580154353806E+0002	 3.30112676740000E+0000	 3.30110000000000E+0000	 2.36705680700000E+0003
 3.23157556581057E-0007	 5.17292602302104E+0002	 3.30112676740000E+0000	 3.30110000000000E+0000	 2.37583823160000E+0003
 3.23157556581057E-0007	 5.19002683922123E+0002	 3.30112676740000E+0000	 3.30110000000000E+0000	 2.38463141390000E+0003
 3.23157556581057E-0007	 5.23958956650526E+0002	 3.30112676740000E+0000	 3.30110000000000E+0000	 2.39341243920000E+0003
 3.23157556581057E-0007	 5.27435821918657E+0002	 3.30112676740000E+0000	 3.30110000000000E+0000	 2.40226871990000E+0003
 3.65208249021679E-0007	 4.90813364942114E+0002	 3.63123944414000E+0000	 3.63130000000000E+0000	 2.49493880350000E+0003
 3.65208249021679E-0007	 4.89509799826260E+0002	 3.63123944414000E+0000	 3.63120000000000E+0000	 2.50372232600000E+0003
 3.65208249021679E-0007	 4.92871925776862E+0002	 3.63123944414000E+0000	 3.63120000000000E+0000	 2.51250422440000E+0003
 3.65208249021679E-0007	 4.87731796313034E+0002	 3.63123944414000E+0000	 3.63120000000000E+0000	 2.52128988520000E+0003
 3.65208249021679E-0007	 4.96108599266621E+0002	 3.63123944414000E+0000	 3.63120000000000E+0000	 2.53007386690000E+0003
 3.65208249021679E-0007	 4.89711664240526E+0002	 3.63123944414000E+0000	 3.63120000000000E+0000	 2.53887227090000E+0003
 3.65208249021679E-0007	 4.94148119446714E+0002	 3.63123944414000E+0000	 3.63120000000000E+0000	 2.54765978160000E+0003
 3.65208249021679E-0007	 4.96640061509830E+0002	 3.63123944414000E+0000	 3.63120000000000E+0000	 2.55644134510000E+0003
 3.65208249021679E-0007	 4.86023361891731E+0002	 3.63123944414000E+0000	 3.63130000000000E+0000	 2.56522820290000E+0003
 3.65208249021679E-0007	 4.95598806084830E+0002	 3.63123944414000E+0000	 3.63110000000000E+0000	 2.57400918110000E+0003
 4.12458347430692E-0007	 4.64321667627151E+0002	 3.99436338855400E+0000	 3.99440000000000E+0000	 2.66548732960000E+0003
 4.12458347430692E-0007	 4.60368683395515E+0002	 3.99436338855400E+0000	 3.99440000000000E+0000	 2.67427535750000E+0003
 4.12458347430692E-0007	 4.66185577944291E+0002	 3.99436338855400E+0000	 3.99440000000000E+0000	 2.68305744560000E+0003
 4.12458347430692E-0007	 4.55342385693066E+0002	 3.99436338855400E+0000	 3.99440000000000E+0000	 2.69185902350000E+0003
 4.12458347430692E-0007	 4.55832091274763E+0002	 3.99436338855400E+0000	 3.99440000000000E+0000	 2.70064084360000E+0003
 4.12458347430692E-0007	 4.65010284548218E+0002	 3.99436338855400E+0000	 3.99440000000000E+0000	 2.70942246210000E+0003
 4.12458347430692E-0007	 4.63104976439636E+0002	 3.99436338855400E+0000	 3.99440000000000E+0000	 2.71820683240000E+0003
 4.12458347430692E-0007	 4.62995928598763E+0002	 3.99436338855400E+0000	 3.99440000000000E+0000	 2.72698759690000E+0003
 4.12458347430692E-0007	 4.57928233104873E+0002	 3.99436338855400E+0000	 3.99440000000000E+0000	 2.73578118890000E+0003
 4.12458347430692E-0007	 4.59297389329164E+0002	 3.99436338855400E+0000	 3.99440000000000E+0000	 2.74456286840000E+0003
 4.65636603117043E-0007	 4.34441462347895E+0002	 4.39379972740941E+0000	 4.39380000000000E+0000	 2.83824878370000E+0003
 4.65636603117043E-0007	 4.32121001375000E+0002	 4.39379972740941E+0000	 4.39380000000000E+0000	 2.84703053880000E+0003
 4.65636603117043E-0007	 4.37970459471285E+0002	 4.39379972740941E+0000	 4.39390000000000E+0000	 2.85581221970000E+0003
 4.65636603117043E-0007	 4.35001450231100E+0002	 4.39379972740941E+0000	 4.39380000000000E+0000	 2.86460133800000E+0003
 4.65636603117043E-0007	 4.29333585649656E+0002	 4.39379972740941E+0000	 4.39380000000000E+0000	 2.87338544230000E+0003
 4.65636603117043E-0007	 4.28604527942290E+0002	 4.39379972740941E+0000	 4.39380000000000E+0000	 2.88218374820000E+0003
 4.65636603117043E-0007	 4.28592004251611E+0002	 4.39379972740941E+0000	 4.39370000000000E+0000	 2.89097043260000E+0003
 4.65636603117043E-0007	 4.33620266059107E+0002	 4.39379972740941E+0000	 4.39380000000000E+0000	 2.89975164090000E+0003
 4.65636603117043E-0007	 4.30328324509278E+0002	 4.39379972740941E+0000	 4.39380000000000E+0000	 2.90853618670000E+0003
 4.65636603117043E-0007	 4.28928354801267E+0002	 4.39379972740941E+0000	 4.39380000000000E+0000	 2.91731685120000E+0003
 5.25588492770119E-0007	 4.08001753756488E+0002	 4.83317970015035E+0000	 4.83320000000000E+0000	 3.00797061120000E+0003
 5.25588492770119E-0007	 4.05866149973858E+0002	 4.83317970015035E+0000	 4.83330000000000E+0000	 3.01676461370000E+0003
 5.25588492770119E-0007	 4.12236509457553E+0002	 4.83317970015035E+0000	 4.83330000000000E+0000	 3.02555112420000E+0003
 5.25588492770119E-0007	 4.07093626878976E+0002	 4.83317970015035E+0000	 4.83330000000000E+0000	 3.03433193290000E+0003
 5.25588492770119E-0007	 4.10142904561929E+0002	 4.83317970015035E+0000	 4.83330000000000E+0000	 3.04311714490000E+0003
 5.25588492770119E-0007	 4.06671260713432E+0002	 4.83317970015035E+0000	 4.83320000000000E+0000	 3.05189872140000E+0003
 5.25588492770119E-0007	 4.05947770452378E+0002	 4.83317970015035E+0000	 4.83320000000000E+0000	 3.06068874960000E+0003
 5.25588492770119E-0007	 4.12068513909532E+0002	 4.83317970015035E+0000	 4.83310000000000E+0000	 3.06947287380000E+0003
 5.25588492770119E-0007	 4.08080996939517E+0002	 4.83317970015035E+0000	 4.83320000000000E+0000	 3.07827127810000E+0003
 5.25588492770119E-0007	 4.05436651921842E+0002	 4.83317970015035E+0000	 4.83320000000000E+0000	 3.08705756020000E+0003
 5.93297099550190E-0007	 3.80779720273690E+0002	 5.31649767016538E+0000	 5.31650000000000E+0000	 3.17953436110000E+0003
 5.93297099550190E-0007	 3.80696181156498E+0002	 5.31649767016538E+0000	 5.31650000000000E+0000	 3.18833255560000E+0003
 5.93297099550190E-0007	 3.84102330707888E+0002	 5.31649767016538E+0000	 5.31660000000000E+0000	 3.19711385590000E+0003
 5.93297099550190E-0007	 3.85041619269257E+0002	 5.31649767016538E+0000	 5.31660000000000E+0000	 3.20589476160000E+0003
 5.93297099550190E-0007	 3.82530531687780E+0002	 5.31649767016538E+0000	 5.31640000000000E+0000	 3.21467566050000E+0003
 5.93297099550190E-0007	 3.85599716732850E+0002	 5.31649767016538E+0000	 5.31650000000000E+0000	 3.22345761510000E+0003
 5.93297099550190E-0007	 3.78564178644632E+0002	 5.31649767016538E+0000	 5.31660000000000E+0000	 3.23225181010000E+0003
 5.93297099550190E-0007	 3.81916273473133E+0002	 5.31649767016538E+0000	 5.31650000000000E+0000	 3.24103281200000E+0003
 5.93297099550190E-0007	 3.79789887036373E+0002	 5.31649767016538E+0000	 5.31650000000000E+0000	 3.24981357610000E+0003
 5.93297099550190E-0007	 3.83028256343991E+0002	 5.31649767016538E+0000	 5.31650000000000E+0000	 3.25859521150000E+0003
 6.69908016083911E-0007	 3.60146609926646E+0002	 5.84814743718192E+0000	 5.84810000000000E+0000	 3.34904104670000E+0003
 6.69908016083911E-0007	 3.64220857903971E+0002	 5.84814743718192E+0000	 5.84820000000000E+0000	 3.35782239410000E+0003
 6.69908016083911E-0007	 3.59376276759561E+0002	 5.84814743718192E+0000	 5.84820000000000E+0000	 3.36662189640000E+0003
 6.69908016083911E-0007	 3.59296072579937E+0002	 5.84814743718192E+0000	 5.84810000000000E+0000	 3.37540352500000E+0003
 6.69908016083911E-0007	 3.58137775009091E+0002	 5.84814743718192E+0000	 5.84800000000000E+0000	 3.38418504520000E+0003
 6.69908016083911E-0007	 3.61730797908673E+0002	 5.84814743718192E+0000	 5.84810000000000E+0000	 3.39296942860000E+0003
 6.69908016083911E-0007	 3.63046395149634E+0002	 5.84814743718192E+0000	 5.84800000000000E+0000	 3.40175060100000E+0003
 6.69908016083911E-0007	 3.62952512737827E+0002	 5.84814743718192E+0000	 5.84800000000000E+0000	 3.41054379560000E+0003
 6.69908016083911E-0007	 3.59130690318077E+0002	 5.84814743718192E+0000	 5.84820000000000E+0000	 3.41932544900000E+0003
 6.69908016083911E-0007	 3.61409359452351E+0002	 5.84814743718192E+0000	 5.84810000000000E+0000	 3.42812766170000E+0003
 7.56759077652531E-0007	 3.43551000411800E+0002	 6.43296218090011E+0000	 6.43300000000000E+0000	 3.51958204020000E+0003
 7.56759077652531E-0007	 3.40290197878435E+0002	 6.43296218090011E+0000	 6.43280000000000E+0000	 3.52836318710000E+0003
 7.56759077652531E-0007	 3.41700735750674E+0002	 6.43296218090011E+0000	 6.43300000000000E+0000	 3.53716047640000E+0003
 7.56759077652531E-0007	 3.41690829515129E+0002	 6.43296218090011E+0000	 6.43310000000000E+0000	 3.54594200010000E+0003
 7.56759077652531E-0007	 3.42840503184699E+0002	 6.43296218090011E+0000	 6.43290000000000E+0000	 3.55472249080000E+0003
 7.56759077652531E-0007	 3.43024318888689E+0002	 6.43296218090011E+0000	 6.43310000000000E+0000	 3.56350395230000E+0003
 7.56759077652531E-0007	 3.43842684013940E+0002	 6.43296218090011E+0000	 6.43320000000000E+0000	 3.57228618880000E+0003
 7.56759077652531E-0007	 3.43293988634064E+0002	 6.43296218090011E+0000	 6.43310000000000E+0000	 3.58108017430000E+0003
 7.56759077652531E-0007	 3.42962129743327E+0002	 6.43296218090011E+0000	 6.43290000000000E+0000	 3.58986122670000E+0003
 7.56759077652531E-0007	 3.42905444062156E+0002	 6.43296218090011E+0000	 6.43290000000000E+0000	 3.59864237640000E+0003
 8.55415899969662E-0007	 3.24966152993944E+0002	 7.07625839899012E+0000	 7.07630000000000E+0000	 3.68922800270000E+0003
 8.55415899969662E-0007	 3.26569545144763E+0002	 7.07625839899012E+0000	 7.07690000000000E+0000	 3.69802000480000E+0003
 8.55415899969662E-0007	 3.25144361778396E+0002	 7.07625839899012E+0000	 7.07710000000000E+0000	 3.70680653540000E+0003
 8.55415899969662E-0007	 3.26148368645990E+0002	 7.07625839899012E+0000	 7.07700000000000E+0000	 3.71558758100000E+0003
 8.55415899969662E-0007	 3.25746181607856E+0002	 7.07625839899012E+0000	 7.07680000000000E+0000	 3.72437196440000E+0003
 8.55415899969662E-0007	 3.25723783782488E+0002	 7.07625839899012E+0000	 7.07690000000000E+0000	 3.73315399250000E+0003
 8.55415899969662E-0007	 3.28192900574714E+0002	 7.07625839899012E+0000	 7.07660000000000E+0000	 3.74194353750000E+0003
 8.55415899969662E-0007	 3.25815322720949E+0002	 7.07625839899012E+0000	 7.07700000000000E+0000	 3.75072751770000E+0003
 8.55415899969662E-0007	 3.26050499887316E+0002	 7.07625839899012E+0000	 7.07680000000000E+0000	 3.75952653480000E+0003
 8.55415899969662E-0007	 3.24471940108101E+0002	 7.07625839899012E+0000	 7.07660000000000E+0000	 3.76831281770000E+0003
 9.67714396574399E-0007	 3.10448846969433E+0002	 7.78388423888914E+0000	 7.78430000000000E+0000	 3.86099603910000E+0003
 9.67714396574399E-0007	 3.06047102944849E+0002	 7.78388423888914E+0000	 7.78420000000000E+0000	 3.86978690860000E+0003
 9.67714396574399E-0007	 3.09819595990265E+0002	 7.78388423888914E+0000	 7.78430000000000E+0000	 3.87857236530000E+0003
 9.67714396574399E-0007	 3.07407610704867E+0002	 7.78388423888914E+0000	 7.78420000000000E+0000	 3.88735364100000E+0003
 9.67714396574399E-0007	 3.09423624101870E+0002	 7.78388423888914E+0000	 7.78420000000000E+0000	 3.89613845380000E+0003
 9.67714396574399E-0007	 3.09591912154438E+0002	 7.78388423888914E+0000	 7.78430000000000E+0000	 3.90491959850000E+0003
 9.67714396574399E-0007	 3.08263254307182E+0002	 7.78388423888914E+0000	 7.78410000000000E+0000	 3.91370081220000E+0003
 9.67714396574399E-0007	 3.08640718813837E+0002	 7.78388423888914E+0000	 7.78420000000000E+0000	 3.92250150100000E+0003
 9.67714396574399E-0007	 3.09741262421039E+0002	 7.78388423888914E+0000	 7.78420000000000E+0000	 3.93128297320000E+0003
 9.67714396574399E-0007	 3.08964813196404E+0002	 7.78388423888914E+0000	 7.78420000000000E+0000	 3.94006460660000E+0003
 1.09581169322724E-0006	 2.94462245061197E+0002	 8.56227266277805E+0000	 8.56260000000000E+0000	 4.03373005020000E+0003
 1.09581169322724E-0006	 2.92828239924466E+0002	 8.56227266277805E+0000	 8.56260000000000E+0000	 4.04251130600000E+0003
 1.09581169322724E-0006	 2.92413942274074E+0002	 8.56227266277805E+0000	 8.56260000000000E+0000	 4.05129232350000E+0003
 1.09581169322724E-0006	 2.94609339731566E+0002	 8.56227266277805E+0000	 8.56260000000000E+0000	 4.06007328290000E+0003
 1.09581169322724E-0006	 2.93633649760412E+0002	 8.56227266277805E+0000	 8.56260000000000E+0000	 4.06886720430000E+0003
 1.09581169322724E-0006	 2.95518894114492E+0002	 8.56227266277805E+0000	 8.56260000000000E+0000	 4.07766433180000E+0003
 1.09581169322724E-0006	 2.93212130407857E+0002	 8.56227266277805E+0000	 8.56250000000000E+0000	 4.08644542990000E+0003
 1.09581169322724E-0006	 2.93363406063689E+0002	 8.56227266277805E+0000	 8.56260000000000E+0000	 4.09522660710000E+0003
 1.09581169322724E-0006	 2.93658355583601E+0002	 8.56227266277805E+0000	 8.56270000000000E+0000	 4.10400768620000E+0003
 1.09581169322724E-0006	 2.92950248682059E+0002	 8.56227266277805E+0000	 8.56260000000000E+0000	 4.11278941110000E+0003
 1.24224714951440E-0006	 2.79364589058775E+0002	 9.41849992905586E+0000	 9.41890000000000E+0000	 4.20735880000000E+0003
 1.24224714951440E-0006	 2.80059318165392E+0002	 9.41849992905586E+0000	 9.41870000000000E+0000	 4.21615415350000E+0003
 1.24224714951440E-0006	 2.79184536196683E+0002	 9.41849992905586E+0000	 9.41880000000000E+0000	 4.22493552480000E+0003
 1.24224714951440E-0006	 2.79501388998688E+0002	 9.41849992905586E+0000	 9.41880000000000E+0000	 4.23371683000000E+0003
 1.24224714951440E-0006	 2.80415400361930E+0002	 9.41849992905586E+0000	 9.41870000000000E+0000	 4.24249789300000E+0003
 1.24224714951440E-0006	 2.80520682668628E+0002	 9.41849992905586E+0000	 9.41870000000000E+0000	 4.25127966870000E+0003
 1.24224714951440E-0006	 2.79190236194180E+0002	 9.41849992905586E+0000	 9.41890000000000E+0000	 4.26007321800000E+0003
 1.24224714951440E-0006	 2.78661142308928E+0002	 9.41849992905586E+0000	 9.41860000000000E+0000	 4.26885445760000E+0003
 1.24224714951440E-0006	 2.78752006974899E+0002	 9.41849992905586E+0000	 9.41880000000000E+0000	 4.27763535340000E+0003
 1.24224714951440E-0006	 2.77980830843037E+0002	 9.41849992905586E+0000	 9.41870000000000E+0000	 4.28641652830000E+0003
 1.41001555169281E-0006	 2.65326947262106E+0002	 1.03603499219614E+0001	 1.03610000000000E+0001	 4.38403056340000E+0003
 1.41001555169281E-0006	 2.64707215664475E+0002	 1.03603499219614E+0001	 1.03610000000000E+0001	 4.39281247550000E+0003
 1.41001555169281E-0006	 2.66631396611553E+0002	 1.03603499219614E+0001	 1.03600000000000E+0001	 4.40159668150000E+0003
 1.41001555169281E-0006	 2.64062375780000E+0002	 1.03603499219614E+0001	 1.03610000000000E+0001	 4.41037774010000E+0003
 1.41001555169281E-0006	 2.66821333416738E+0002	 1.03603499219614E+0001	 1.03610000000000E+0001	 4.41917009870000E+0003
 1.41001555169281E-0006	 2.65692051291979E+0002	 1.03603499219614E+0001	 1.03600000000000E+0001	 4.42795148350000E+0003
 1.41001555169281E-0006	 2.66776729283638E+0002	 1.03603499219614E+0001	 1.03600000000000E+0001	 4.43675349290000E+0003
 1.41001555169281E-0006	 2.66767572143730E+0002	 1.03603499219614E+0001	 1.03600000000000E+0001	 4.44553482250000E+0003
 1.41001555169281E-0006	 2.66671569870504E+0002	 1.03603499219614E+0001	 1.03600000000000E+0001	 4.45431606660000E+0003
 1.41001555169281E-0006	 2.67038150858426E+0002	 1.03603499219614E+0001	 1.03600000000000E+0001	 4.46309701370000E+0003
 1.60265496840673E-0006	 2.53307747650689E+0002	 1.13963849141575E+0001	 1.13960000000000E+0001	 4.56377083160000E+0003
 1.60265496840673E-0006	 2.53838932797929E+0002	 1.13963849141575E+0001	 1.13970000000000E+0001	 4.57255208260000E+0003
 1.60265496840673E-0006	 2.53849587685911E+0002	 1.13963849141575E+0001	 1.13970000000000E+0001	 4.58133329390000E+0003
 1.60265496840673E-0006	 2.53218870292394E+0002	 1.13963849141575E+0001	 1.13960000000000E+0001	 4.59012191370000E+0003
 1.60265496840673E-0006	 2.54517467249710E+0002	 1.13963849141575E+0001	 1.13970000000000E+0001	 4.59890323210000E+0003
 1.60265496840673E-0006	 2.53710814266818E+0002	 1.13963849141575E+0001	 1.13970000000000E+0001	 4.60770560700000E+0003
 1.60265496840673E-0006	 2.54407020240132E+0002	 1.13963849141575E+0001	 1.13970000000000E+0001	 4.61648714860000E+0003
 1.60265496840673E-0006	 2.55101407086230E+0002	 1.13963849141575E+0001	 1.13970000000000E+0001	 4.62526920860000E+0003
 1.60265496840673E-0006	 2.54205616869726E+0002	 1.13963849141575E+0001	 1.13970000000000E+0001	 4.63405380350000E+0003
 1.60265496840673E-0006	 2.53978745718288E+0002	 1.13963849141575E+0001	 1.13960000000000E+0001	 4.64283481490000E+0003
 1.82435227771641E-0006	 2.42441749048482E+0002	 1.25360234055733E+0001	 1.25360000000000E+0001	 4.74554628780000E+0003
 1.82435227771641E-0006	 2.41321503407071E+0002	 1.25360234055733E+0001	 1.25360000000000E+0001	 4.75434012300000E+0003
 1.82435227771641E-0006	 2.42604751980613E+0002	 1.25360234055733E+0001	 1.25360000000000E+0001	 4.76312122460000E+0003
 1.82435227771641E-0006	 2.43625232522106E+0002	 1.25360234055733E+0001	 1.25360000000000E+0001	 4.77192436440000E+0003
 1.82435227771641E-0006	 2.42425083482592E+0002	 1.25360234055733E+0001	 1.25360000000000E+0001	 4.78070563530000E+0003
 1.82435227771641E-0006	 2.42214595102445E+0002	 1.25360234055733E+0001	 1.25360000000000E+0001	 4.78948705860000E+0003
 1.82435227771641E-0006	 2.42890349554977E+0002	 1.25360234055733E+0001	 1.25360000000000E+0001	 4.79826824040000E+0003
 1.82435227771641E-0006	 2.42113688525411E+0002	 1.25360234055733E+0001	 1.25360000000000E+0001	 4.80705175300000E+0003
 1.82435227771641E-0006	 2.42136518067726E+0002	 1.25360234055733E+0001	 1.25360000000000E+0001	 4.81584566250000E+0003
 1.82435227771641E-0006	 2.41967122863747E+0002	 1.25360234055733E+0001	 1.25360000000000E+0001	 4.82462689770000E+0003
 2.08006999857555E-0006	 2.31977151838041E+0002	 1.37896257461306E+0001	 1.37900000000000E+0001	 4.93339992510000E+0003
 2.08006999857555E-0006	 2.33003139588188E+0002	 1.37896257461306E+0001	 1.37900000000000E+0001	 4.94218330380000E+0003
 2.08006999857555E-0006	 2.32234649934585E+0002	 1.37896257461306E+0001	 1.37900000000000E+0001	 4.95096446700000E+0003
 2.08006999857555E-0006	 2.31659584201091E+0002	 1.37896257461306E+0001	 1.37900000000000E+0001	 4.95975397360000E+0003
 2.08006999857555E-0006	 2.31430318788539E+0002	 1.37896257461306E+0001	 1.37900000000000E+0001	 4.96853535060000E+0003
 2.08006999857555E-0006	 2.31965137929960E+0002	 1.37896257461306E+0001	 1.37900000000000E+0001	 4.97733750650000E+0003
 2.08006999857555E-0006	 2.32103898568300E+0002	 1.37896257461306E+0001	 1.37890000000000E+0001	 4.98611871640000E+0003
 2.08006999857555E-0006	 2.31261122916394E+0002	 1.37896257461306E+0001	 1.37900000000000E+0001	 4.99489959980000E+0003
 2.08006999857555E-0006	 2.32735629901577E+0002	 1.37896257461306E+0001	 1.37900000000000E+0001	 5.00368111040000E+0003
 2.08006999857555E-0006	 2.32039023464660E+0002	 1.37896257461306E+0001	 1.37900000000000E+0001	 5.01246312140000E+0003
 2.37569881506898E-0006	 2.22071559572799E+0002	 1.51685883207437E+0001	 1.51690000000000E+0001	 5.13075377080000E+0003
 2.37569881506898E-0006	 2.21685909415391E+0002	 1.51685883207437E+0001	 1.51690000000000E+0001	 5.13955232330000E+0003
 2.37569881506898E-0006	 2.21925187808510E+0002	 1.51685883207437E+0001	 1.51690000000000E+0001	 5.14833965450000E+0003
 2.37569881506898E-0006	 2.21861730828064E+0002	 1.51685883207437E+0001	 1.51690000000000E+0001	 5.15712111260000E+0003
 2.37569881506898E-0006	 2.21614388840745E+0002	 1.51685883207437E+0001	 1.51690000000000E+0001	 5.16590486050000E+0003
 2.37569881506898E-0006	 2.21585815669992E+0002	 1.51685883207437E+0001	 1.51680000000000E+0001	 5.17468582010000E+0003
 2.37569881506898E-0006	 2.22448620249428E+0002	 1.51685883207437E+0001	 1.51690000000000E+0001	 5.18347640340000E+0003
 2.37569881506898E-0006	 2.22009154365509E+0002	 1.51685883207437E+0001	 1.51690000000000E+0001	 5.19225974230000E+0003
 2.37569881506898E-0006	 2.21449260455164E+0002	 1.51685883207437E+0001	 1.51690000000000E+0001	 5.20105873200000E+0003
 2.37569881506898E-0006	 2.21336370136359E+0002	 1.51685883207437E+0001	 1.51690000000000E+0001	 5.20984612800000E+0003
 2.71824109470529E-0006	 2.12054617141858E+0002	 1.66854471528181E+0001	 1.66860000000000E+0001	 5.35836311670000E+0003
 2.71824109470529E-0006	 2.12094305906402E+0002	 1.66854471528181E+0001	 1.66860000000000E+0001	 5.36714411440000E+0003
 2.71824109470529E-0006	 2.11785683621494E+0002	 1.66854471528181E+0001	 1.66860000000000E+0001	 5.37592480030000E+0003
 2.71824109470529E-0006	 2.11671520959003E+0002	 1.66854471528181E+0001	 1.66860000000000E+0001	 5.38479518690000E+0003
 2.71824109470529E-0006	 2.12024888878068E+0002	 1.66854471528181E+0001	 1.66850000000000E+0001	 5.39357690450000E+0003
 2.71824109470529E-0006	 2.12768248711280E+0002	 1.66854471528181E+0001	 1.66860000000000E+0001	 5.40235793350000E+0003
 2.71824109470529E-0006	 2.12165715034886E+0002	 1.66854471528181E+0001	 1.66850000000000E+0001	 5.41113948680000E+0003
 2.71824109470529E-0006	 2.11510007608311E+0002	 1.66854471528181E+0001	 1.66860000000000E+0001	 5.41993305050000E+0003
 2.71824109470529E-0006	 2.11956850995993E+0002	 1.66854471528181E+0001	 1.66860000000000E+0001	 5.42871422690000E+0003
 2.71824109470529E-0006	 2.12515558469069E+0002	 1.66854471528181E+0001	 1.66860000000000E+0001	 5.43749560760000E+0003
 3.11603180591240E-0006	 2.03339807967808E+0002	 1.83539918680999E+0001	 1.83520000000000E+0001	 5.63706238820000E+0003
 3.11603180591240E-0006	 2.03159092007012E+0002	 1.83539918680999E+0001	 1.83580000000000E+0001	 5.64584331960000E+0003
 3.11603180591240E-0006	 2.03029168993777E+0002	 1.83539918680999E+0001	 1.83530000000000E+0001	 5.65462544090000E+0003
 3.11603180591240E-0006	 2.02734302566621E+0002	 1.83539918680999E+0001	 1.83520000000000E+0001	 5.66340817310000E+0003
 3.11603180591240E-0006	 2.02862888923341E+0002	 1.83539918680999E+0001	 1.83550000000000E+0001	 5.67220238050000E+0003
 3.11603180591240E-0006	 2.02856339306419E+0002	 1.83539918680999E+0001	 1.83550000000000E+0001	 5.68098382180000E+0003
 3.11603180591240E-0006	 2.03024490695976E+0002	 1.83539918680999E+0001	 1.83530000000000E+0001	 5.68976497330000E+0003
 3.11603180591240E-0006	 2.02879597129775E+0002	 1.83539918680999E+0001	 1.83540000000000E+0001	 5.69854920660000E+0003
 3.11603180591240E-0006	 2.02441708455539E+0002	 1.83539918680999E+0001	 1.83560000000000E+0001	 5.70733034860000E+0003
 3.11603180591240E-0006	 2.02414039665684E+0002	 1.83539918680999E+0001	 1.83540000000000E+0001	 5.71612270180000E+0003
 3.57900457460490E-0006	 1.94036362854431E+0002	 2.01893910549099E+0001	 2.01900000000000E+0001	 6.03597647700000E+0003
 3.57900457460490E-0006	 1.93379432217480E+0002	 2.01893910549099E+0001	 2.01970000000000E+0001	 6.04476822570000E+0003
 3.57900457460490E-0006	 1.94255960394188E+0002	 2.01893910549099E+0001	 2.01910000000000E+0001	 6.05355197540000E+0003
 3.57900457460490E-0006	 1.94037759341171E+0002	 2.01893910549099E+0001	 2.01850000000000E+0001	 6.06235068120000E+0003
 3.57900457460490E-0006	 1.93762185957946E+0002	 2.01893910549099E+0001	 2.01870000000000E+0001	 6.07113829620000E+0003
 3.57900457460490E-0006	 1.93853772213266E+0002	 2.01893910549099E+0001	 2.01920000000000E+0001	 6.07991962680000E+0003
 3.57900457460490E-0006	 1.94356274691629E+0002	 2.01893910549099E+0001	 2.01910000000000E+0001	 6.08870361740000E+0003
 3.57900457460490E-0006	 1.94137724516927E+0002	 2.01893910549099E+0001	 2.01880000000000E+0001	 6.09748466930000E+0003
 3.57900457460490E-0006	 1.94237806066577E+0002	 2.01893910549099E+0001	 2.01900000000000E+0001	 6.10627471850000E+0003
 3.57900457460490E-0006	 1.93847255275149E+0002	 2.01893910549099E+0001	 2.01930000000000E+0001	 6.11505848860000E+0003
 4.11901223366792E-0006	 1.85986369460842E+0002	 2.22083301604009E+0001	 2.22170000000000E+0001	 6.94911542450000E+0003
 4.11901223366792E-0006	 1.86315304046667E+0002	 2.22083301604009E+0001	 2.22180000000000E+0001	 6.95791345850000E+0003
 4.11901223366792E-0006	 1.85799504685373E+0002	 2.22083301604009E+0001	 2.22060000000000E+0001	 6.96670105580000E+0003
 4.11901223366792E-0006	 1.86131169438371E+0002	 2.22083301604009E+0001	 2.21970000000000E+0001	 6.97548243420000E+0003
 4.11901223366792E-0006	 1.85771292957907E+0002	 2.22083301604009E+0001	 2.22060000000000E+0001	 6.98426619150000E+0003
 4.11901223366792E-0006	 1.85499995234647E+0002	 2.22083301604009E+0001	 2.22190000000000E+0001	 6.99304678240000E+0003
 4.11901223366792E-0006	 1.85822660547701E+0002	 2.22083301604009E+0001	 2.22130000000000E+0001	 7.00183758280000E+0003
 4.11901223366792E-0006	 1.85345285761449E+0002	 2.22083301604009E+0001	 2.22010000000000E+0001	 7.01062124370000E+0003
 4.11901223366792E-0006	 1.85914070589381E+0002	 2.22083301604009E+0001	 2.21990000000000E+0001	 7.01942023260000E+0003
 4.11901223366792E-0006	 1.86180818034018E+0002	 2.22083301604009E+0001	 2.22100000000000E+0001	 7.02820730200000E+0003
 4.75021317097378E-0006	 1.77434045599366E+0002	 2.44291631764410E+0001	 2.44230000000000E+0001	 1.06606570064000E+0004
 4.75021317097378E-0006	 1.77628004083585E+0002	 2.44291631764410E+0001	 2.44340000000000E+0001	 1.06694405449000E+0004
 4.75021317097378E-0006	 1.77712707472263E+0002	 2.44291631764410E+0001	 2.44310000000000E+0001	 1.06782220019000E+0004
 4.75021317097378E-0006	 1.77887375329661E+0002	 2.44291631764410E+0001	 2.44270000000000E+0001	 1.06870025992000E+0004
 4.75021317097378E-0006	 1.77533129273493E+0002	 2.44291631764410E+0001	 2.44290000000000E+0001	 1.06958018307000E+0004
 4.75021317097378E-0006	 1.77742169520499E+0002	 2.44291631764410E+0001	 2.44300000000000E+0001	 1.07045834716000E+0004
 4.75021317097378E-0006	 1.77511120421983E+0002	 2.44291631764410E+0001	 2.44270000000000E+0001	 1.07133644485000E+0004
 4.75021317097378E-0006	 1.78146834260404E+0002	 2.44291631764410E+0001	 2.44280000000000E+0001	 1.07221457229000E+0004
 4.75021317097378E-0006	 1.77874485683558E+0002	 2.44291631764410E+0001	 2.44300000000000E+0001	 1.07309283595000E+0004
 4.75021317097378E-0006	 1.77854756633400E+0002	 2.44291631764410E+0001	 2.44310000000000E+0001	 1.07397225061000E+0004
 5.48953714193742E-0006	 1.70193559577872E+0002	 2.68720794940851E+0001	 2.68650000000000E+0001	 1.11309524397000E+0004
 5.48953714193742E-0006	 1.70001164404262E+0002	 2.68720794940851E+0001	 2.68800000000000E+0001	 1.11397408950000E+0004
 5.48953714193742E-0006	 1.70154868119457E+0002	 2.68720794940851E+0001	 2.68800000000000E+0001	 1.11485215714000E+0004
 5.48953714193742E-0006	 1.69711888853404E+0002	 2.68720794940851E+0001	 2.68690000000000E+0001	 1.11573028374000E+0004
 5.48953714193742E-0006	 1.70082113004515E+0002	 2.68720794940851E+0001	 2.68660000000000E+0001	 1.11660847045000E+0004
 5.48953714193742E-0006	 1.70176413951202E+0002	 2.68720794940851E+0001	 2.68750000000000E+0001	 1.11748788871000E+0004
 5.48953714193742E-0006	 1.69881979539222E+0002	 2.68720794940851E+0001	 2.68780000000000E+0001	 1.11836606971000E+0004
 5.48953714193742E-0006	 1.70161620158279E+0002	 2.68720794940851E+0001	 2.68720000000000E+0001	 1.11924420928000E+0004
 5.48953714193742E-0006	 1.70198490842180E+0002	 2.68720794940851E+0001	 2.68690000000000E+0001	 1.12012263069000E+0004
 5.48953714193742E-0006	 1.69928940348554E+0002	 2.68720794940851E+0001	 2.68700000000000E+0001	 1.12100081408000E+0004
 6.35724706730934E-0006	 1.62112053044669E+0002	 2.95592874434937E+0001	 2.95560000000000E+0001	 1.18172773989000E+0004
 6.35724706730934E-0006	 1.62274670377678E+0002	 2.95592874434937E+0001	 2.95710000000000E+0001	 1.18260586574000E+0004
 6.35724706730934E-0006	 1.62354472114828E+0002	 2.95592874434937E+0001	 2.95720000000000E+0001	 1.18348401015000E+0004
 6.35724706730934E-0006	 1.62403676634203E+0002	 2.95592874434937E+0001	 2.95590000000000E+0001	 1.18436231187000E+0004
 6.35724706730934E-0006	 1.62387165929965E+0002	 2.95592874434937E+0001	 2.95480000000000E+0001	 1.18524168270000E+0004
 6.35724706730934E-0006	 1.62193099636503E+0002	 2.95592874434937E+0001	 2.95500000000000E+0001	 1.18611981471000E+0004
 6.35724706730934E-0006	 1.62592370396922E+0002	 2.95592874434937E+0001	 2.95610000000000E+0001	 1.18699791288000E+0004
 6.35724706730934E-0006	 1.62180585570989E+0002	 2.95592874434937E+0001	 2.95680000000000E+0001	 1.18787635457000E+0004
 6.35724706730934E-0006	 1.62227890049004E+0002	 2.95592874434937E+0001	 2.95630000000000E+0001	 1.18875446124000E+0004
 6.35724706730934E-0006	 1.62195261752534E+0002	 2.95592874434937E+0001	 2.95570000000000E+0001	 1.18963375923000E+0004
 7.37761678956587E-0006	 1.54992267195949E+0002	 3.25152161878430E+0001	 3.25270000000000E+0001	 1.31773803113000E+0004
 7.37761678956587E-0006	 1.55357002967211E+0002	 3.25152161878430E+0001	 3.25090000000000E+0001	 1.31861743166000E+0004
 7.37761678956587E-0006	 1.55183356901214E+0002	 3.25152161878430E+0001	 3.24960000000000E+0001	 1.31949557563000E+0004
 7.37761678956587E-0006	 1.55147622844070E+0002	 3.25152161878430E+0001	 3.24990000000000E+0001	 1.32037580117000E+0004
 7.37761678956587E-0006	 1.55193969859734E+0002	 3.25152161878430E+0001	 3.25110000000000E+0001	 1.32125396927000E+0004
 7.37761678956587E-0006	 1.54935081414137E+0002	 3.25152161878430E+0001	 3.25290000000000E+0001	 1.32213212244000E+0004
 7.37761678956587E-0006	 1.55172687490787E+0002	 3.25152161878430E+0001	 3.25330000000000E+0001	 1.32301035703000E+0004
 7.37761678956587E-0006	 1.54985831678548E+0002	 3.25152161878430E+0001	 3.25260000000000E+0001	 1.32388863226000E+0004
 7.37761678956587E-0006	 1.55186123044658E+0002	 3.25152161878430E+0001	 3.25080000000000E+0001	 1.32476800472000E+0004
 7.37761678956587E-0006	 1.55248728209545E+0002	 3.25152161878430E+0001	 3.25000000000000E+0001	 1.32564616012000E+0004
