setpoint,temperature,resistance,current
4.5,4.5022,427.2441179101589,1e-06
4.5,4.50243,431.57065421484486,1e-06
4.5,4.50218,432.92850843902363,1e-06
4.5,4.50232,433.02348092528706,1e-06
4.5,4.50209,433.06028665602906,1e-06
4.5,4.50246,433.0504790959439,1e-06
4.5,4.50219,432.98740533915395,1e-06
4.5,4.5029,432.9752269565739,1e-06
4.5,4.50254,432.92714478659235,1e-06
4.5,4.50226,433.0614570348875,1e-06
4.5,4.50283,433.1545100047104,1.3949507939624201e-06
4.5,4.50266,433.1902903538726,1.3949507939624201e-06
4.5,4.50228,433.12515848000817,1.3949507939624201e-06
4.5,4.50285,433.1479857331438,1.3949507939624201e-06
4.5,4.50407,433.1410026996786,1.3949507939624201e-06
4.5,4.50351,433.1083536313955,1.3949507939624201e-06
4.5,4.50273,433.15476709611,1.3949507939624201e-06
4.5,4.50302,433.12616529303426,1.3949507939624201e-06
4.5,4.50266,433.15629424981313,1.3949507939624201e-06
4.5,4.50253,433.1477363390915,1.3949507939624201e-06
4.5,4.50296,432.8881441257302,1.94588771757639e-06
4.5,4.50288,432.93625893361934,1.94588771757639e-06
4.5,4.50282,432.8759107057235,1.94588771757639e-06
4.5,4.50378,432.9331986473155,1.94588771757639e-06
4.5,4.50268,432.91422111998713,1.94588771757639e-06
4.5,4.50278,432.9216913969403,1.94588771757639e-06
4.5,4.50213,432.90170186725317,1.94588771757639e-06
4.5,4.50236,432.96592594278667,1.94588771757639e-06
4.5,4.5019,432.9752348194449,1.94588771757639e-06
4.5,4.50268,432.9475200809128,1.94588771757639e-06
4.5,4.50226,432.84846749158385,2.7144176165949066e-06
4.5,4.50253,432.81265733411414,2.7144176165949066e-06
4.5,4.50105,432.8267514918404,2.7144176165949066e-06
4.5,4.50137,432.8474619527419,2.7144176165949066e-06
4.5,4.50251,432.79596428174113,2.7144176165949066e-06
4.5,4.50224,432.76711219989323,2.7144176165949066e-06
4.5,4.50297,432.77338989518137,2.7144176165949066e-06
4.5,4.5023,432.8057301129493,2.7144176165949066e-06
4.5,4.50199,432.83302760484867,2.7144176165949066e-06
4.5,4.50232,432.8268662071293,2.7144176165949066e-06
4.5,4.50236,432.39402872192863,3.786479009414645e-06
4.5,4.50241,432.3808187713242,3.786479009414645e-06
4.5,4.5022,432.40017317516794,3.786479009414645e-06
4.5,4.50191,432.3943701434581,3.786479009414645e-06
4.5,4.50233,432.4111593486678,3.786479009414645e-06
4.5,4.50214,432.41754994300976,3.786479009414645e-06
4.5,4.50144,432.4423772999419,3.786479009414645e-06
4.5,4.50172,432.4447462662683,3.786479009414645e-06
4.5,4.50189,432.4367472475784,3.786479009414645e-06
4.5,4.50176,432.42735191691924,3.786479009414645e-06
4.5,4.50223,431.75024966005003,5.281951900505008e-06
4.5,4.5028,431.76052409511163,5.281951900505008e-06
4.5,4.50234,431.7258359337797,5.281951900505008e-06
4.5,4.50279,431.72057572876895,5.281951900505008e-06
4.5,4.50268,431.69986301086254,5.281951900505008e-06
4.5,4.5038,431.69060012241306,5.281951900505008e-06
4.5,4.50255,431.69658117635595,5.281951900505008e-06
4.5,4.50222,431.73029356925184,5.281951900505008e-06
4.5,4.5019,431.7379342426765,5.281951900505008e-06
4.5,4.5015,431.7631094748971,5.281951900505008e-06
4.5,4.50158,430.5643319028552,7.368062997280774e-06
4.5,4.50179,430.5341213612178,7.368062997280774e-06
4.5,4.5018,430.53085032315045,7.368062997280774e-06
4.5,4.50201,430.522283485236,7.368062997280774e-06
4.5,4.50231,430.49832443566913,7.368062997280774e-06
4.5,4.50208,430.5058769982138,7.368062997280774e-06
4.5,4.50168,430.5373268211363,7.368062997280774e-06
4.5,4.50181,430.5338558425793,7.368062997280774e-06
4.5,4.50228,430.52091945973876,7.368062997280774e-06
4.5,4.5022,430.53116830430804,7.368062997280774e-06
4.5,4.50197,428.08976935688105,1.0278085328021965e-05
4.5,4.50224,428.0817361028527,1.0278085328021965e-05
4.5,4.50159,428.1078147181653,1.0278085328021965e-05
4.5,4.50178,428.12826328606207,1.0278085328021965e-05
4.5,4.50178,428.1342733919745,1.0278085328021965e-05
4.5,4.50164,428.1839348563863,1.0278085328021965e-05
4.5,4.50065,428.14841160983576,1.0278085328021965e-05
4.5,4.50132,428.1608411314985,1.0278085328021965e-05
4.5,4.5011,428.18401613332696,1.0278085328021965e-05
4.5,4.50153,428.1497937357044,1.0278085328021965e-05
4.5,4.50158,423.77375706974425,1.433742328873774e-05
4.5,4.5013,423.7875032885268,1.433742328873774e-05
4.5,4.50183,423.7638693782519,1.433742328873774e-05
4.5,4.5019,423.771971222111,1.433742328873774e-05
4.5,4.50071,423.81992324562884,1.433742328873774e-05
4.5,4.5017,423.75612116907047,1.433742328873774e-05
4.5,4.5022,423.7416302354986,1.433742328873774e-05
4.5,4.50146,423.76698423922494,1.433742328873774e-05
4.5,4.5015,423.74112397323233,1.433742328873774e-05
4.5,4.50081,423.7516762462855,1.433742328873774e-05
4.5,4.5018,414.0090267803483,1.9999999999999998e-05
4.5,4.50157,415.9521695401291,1.9999999999999998e-05
4.5,4.50091,416.00274171797554,1.9999999999999998e-05
4.5,4.50182,416.025001464869,1.9999999999999998e-05
4.5,4.50147,415.97204235839666,1.9999999999999998e-05
4.5,4.50178,416.02872090740624,1.9999999999999998e-05
4.5,4.50149,416.0215601215284,1.9999999999999998e-05
4.5,4.50122,415.9980387277004,1.9999999999999998e-05
4.5,4.50107,415.9863542664736,1.9999999999999998e-05
4.5,4.50139,416.037538477301,1.9999999999999998e-05
5.018135372133243,5.01813,403.6028944669524,1e-06
5.018135372133243,5.01854,403.57985625705686,1e-06
5.018135372133243,5.01843,403.5266050927409,1e-06
5.018135372133243,5.01896,403.519666571472,1e-06
5.018135372133243,5.01875,403.54327601214993,1e-06
5.018135372133243,5.01796,403.54086653494045,1e-06
5.018135372133243,5.01837,403.59108759912937,1e-06
5.018135372133243,5.01702,403.60226095913004,1e-06
5.018135372133243,5.01668,403.58421994483723,1e-06
5.018135372133243,5.01761,403.5783487231878,1e-06
5.018135372133243,5.01727,403.8553303430648,1.3949507939624201e-06
5.018135372133243,5.01828,403.81643256824844,1.3949507939624201e-06
5.018135372133243,5.01747,403.82224252598604,1.3949507939624201e-06
5.018135372133243,5.0179,403.8255631616088,1.3949507939624201e-06
5.018135372133243,5.01844,403.8090877594603,1.3949507939624201e-06
5.018135372133243,5.01875,403.857511771288,1.3949507939624201e-06
5.018135372133243,5.01804,403.7573846776853,1.3949507939624201e-06
5.018135372133243,5.01837,403.7609870362189,1.3949507939624201e-06
5.018135372133243,5.01904,403.76475257851524,1.3949507939624201e-06
5.018135372133243,5.01834,403.7682333189616,1.3949507939624201e-06
5.018135372133243,5.01964,403.48777605969394,1.94588771757639e-06
5.018135372133243,5.01926,403.48268183626124,1.94588771757639e-06
5.018135372133243,5.01834,403.5101118456673,1.94588771757639e-06
5.018135372133243,5.01874,403.497419327535,1.94588771757639e-06
5.018135372133243,5.01888,403.4947640628948,1.94588771757639e-06
5.018135372133243,5.01871,403.48736552002384,1.94588771757639e-06
5.018135372133243,5.01991,403.4637738358125,1.94588771757639e-06
5.018135372133243,5.01743,403.4857101181285,1.94588771757639e-06
5.018135372133243,5.01839,403.51167675225906,1.94588771757639e-06
5.018135372133243,5.0184,403.51226607533386,1.94588771757639e-06
5.018135372133243,5.01926,403.40015253448337,2.7144176165949066e-06
5.018135372133243,5.01831,403.3759919123782,2.7144176165949066e-06
5.018135372133243,5.02017,403.33562478895266,2.7144176165949066e-06
5.018135372133243,5.0194,403.33112953191073,2.7144176165949066e-06
5.018135372133243,5.01932,403.33918808316525,2.7144176165949066e-06
5.018135372133243,5.01798,403.3848289453168,2.7144176165949066e-06
5.018135372133243,5.01861,403.41968340575977,2.7144176165949066e-06
5.018135372133243,5.0184,403.3921762617808,2.7144176165949066e-06
5.018135372133243,5.01817,403.4129397290571,2.7144176165949066e-06
5.018135372133243,5.01843,403.38647688977625,2.7144176165949066e-06
5.018135372133243,5.02006,403.0604526278121,3.786479009414645e-06
5.018135372133243,5.01911,403.05939320020906,3.786479009414645e-06
5.018135372133243,5.01992,403.0668426550086,3.786479009414645e-06
5.018135372133243,5.01879,403.05477436808974,3.786479009414645e-06
5.018135372133243,5.01921,403.06918439835596,3.786479009414645e-06
5.018135372133243,5.0191,403.04717235117823,3.786479009414645e-06
5.018135372133243,5.01855,403.08337154048075,3.786479009414645e-06
5.018135372133243,5.0192,403.0889375054143,3.786479009414645e-06
5.018135372133243,5.01978,403.0776887435952,3.786479009414645e-06
5.018135372133243,5.01896,403.05222051236365,3.786479009414645e-06
5.018135372133243,5.01935,402.5850596473102,5.281951900505008e-06
5.018135372133243,5.01859,402.5898791302439,5.281951900505008e-06
5.018135372133243,5.02055,402.5959419047934,5.281951900505008e-06
5.018135372133243,5.01963,402.5952637457304,5.281951900505008e-06
5.018135372133243,5.01946,402.60246938906045,5.281951900505008e-06
5.018135372133243,5.01926,402.5934541018516,5.281951900505008e-06
5.018135372133243,5.01936,402.60181196507665,5.281951900505008e-06
5.018135372133243,5.01867,402.64890254980116,5.281951900505008e-06
5.018135372133243,5.01926,402.6055402136429,5.281951900505008e-06
5.018135372133243,5.01877,402.6237265044401,5.281951900505008e-06
5.018135372133243,5.01746,401.8129856869698,7.368062997280774e-06
5.018135372133243,5.01811,401.8059166539763,7.368062997280774e-06
5.018135372133243,5.01875,401.8084132869697,7.368062997280774e-06
5.018135372133243,5.01815,401.8047009808248,7.368062997280774e-06
5.018135372133243,5.01821,401.8192908073931,7.368062997280774e-06
5.018135372133243,5.01725,401.8546974700913,7.368062997280774e-06
5.018135372133243,5.0178,401.8647930075213,7.368062997280774e-06
5.018135372133243,5.01879,401.8076680277397,7.368062997280774e-06
5.018135372133243,5.01897,401.78797184931005,7.368062997280774e-06
5.018135372133243,5.01891,401.79649292824945,7.368062997280774e-06
5.018135372133243,5.0193,400.0860119202047,1.0278085328021965e-05
5.018135372133243,5.01935,400.0622621295228,1.0278085328021965e-05
5.018135372133243,5.02004,400.0917211551799,1.0278085328021965e-05
5.018135372133243,5.02003,400.04430702951976,1.0278085328021965e-05
5.018135372133243,5.01919,400.06401574742387,1.0278085328021965e-05
5.018135372133243,5.01888,400.0889399794524,1.0278085328021965e-05
5.018135372133243,5.01884,400.08410389701004,1.0278085328021965e-05
5.018135372133243,5.01994,400.07993349151684,1.0278085328021965e-05
5.018135372133243,5.02004,400.0855096328898,1.0278085328021965e-05
5.018135372133243,5.01986,400.02338041113364,1.0278085328021965e-05
5.018135372133243,5.02115,396.9863720903409,1.433742328873774e-05
5.018135372133243,5.02118,396.9863106798293,1.433742328873774e-05
5.018135372133243,5.01978,396.9556205519914,1.433742328873774e-05
5.018135372133243,5.01888,396.93386385620835,1.433742328873774e-05
5.018135372133243,5.01963,397.0062262585186,1.433742328873774e-05
5.018135372133243,5.02056,396.9896199574951,1.433742328873774e-05
5.018135372133243,5.02022,397.01486686728055,1.433742328873774e-05
5.018135372133243,5.01931,397.08666414310227,1.433742328873774e-05
5.018135372133243,5.019,397.0296679988267,1.433742328873774e-05
5.018135372133243,5.02022,396.99802765565823,1.433742328873774e-05
5.018135372133243,5.02009,389.0308036536071,1.9999999999999998e-05
5.018135372133243,5.02001,388.9159177616258,1.9999999999999998e-05
5.018135372133243,5.01899,388.9074786858114,1.9999999999999998e-05
5.018135372133243,5.01851,388.9771841957604,1.9999999999999998e-05
5.018135372133243,5.01927,388.9908634550085,1.9999999999999998e-05
5.018135372133243,5.01906,388.937639456367,1.9999999999999998e-05
5.018135372133243,5.01897,389.05443886409455,1.9999999999999998e-05
5.018135372133243,5.01843,389.0159606727012,1.9999999999999998e-05
5.018135372133243,5.02017,389.0402686899711,1.9999999999999998e-05
5.018135372133243,5.01957,389.0370859037215,1.9999999999999998e-05
5.595929469567743,5.59838,376.90091556056973,1e-06
5.595929469567743,5.59913,376.90552406154245,1e-06
5.595929469567743,5.59936,376.929382610381,1e-06
5.595929469567743,5.59817,376.91867954940784,1e-06
5.595929469567743,5.59955,376.9175177604861,1e-06
5.595929469567743,5.59871,376.9548990169787,1e-06
5.595929469567743,5.59747,376.99141913232955,1e-06
5.595929469567743,5.59872,376.9712714360916,1e-06
5.595929469567743,5.59798,376.9390806487748,1e-06
5.595929469567743,5.59786,376.96708384201105,1e-06
5.595929469567743,5.59953,377.1127630064044,1.3949507939624201e-06
5.595929469567743,5.59964,377.0886764672514,1.3949507939624201e-06
5.595929469567743,5.59836,377.0685325093825,1.3949507939624201e-06
5.595929469567743,5.59911,377.07909788827857,1.3949507939624201e-06
5.595929469567743,5.5994,377.0433960520586,1.3949507939624201e-06
5.595929469567743,5.59956,377.0591740745422,1.3949507939624201e-06
5.595929469567743,5.6005,377.11407001597485,1.3949507939624201e-06
5.595929469567743,5.5981,377.0649655586464,1.3949507939624201e-06
5.595929469567743,5.59988,377.0935473486192,1.3949507939624201e-06
5.595929469567743,5.59892,377.05716198795955,1.3949507939624201e-06
5.595929469567743,5.59841,376.86958567552006,1.94588771757639e-06
5.595929469567743,5.59999,376.8860602351826,1.94588771757639e-06
5.595929469567743,5.60039,376.8504238467806,1.94588771757639e-06
5.595929469567743,5.60141,376.84922202500456,1.94588771757639e-06
5.595929469567743,5.60169,376.84160276188084,1.94588771757639e-06
5.595929469567743,5.60168,376.8304663215302,1.94588771757639e-06
5.595929469567743,5.60156,376.82432036609333,1.94588771757639e-06
5.595929469567743,5.601,376.83230602483656,1.94588771757639e-06
5.595929469567743,5.5992,376.83996391400444,1.94588771757639e-06
5.595929469567743,5.59806,376.88745297997724,1.94588771757639e-06
5.595929469567743,5.5991,376.785111381934,2.7144176165949066e-06
5.595929469567743,5.60064,376.78145552435035,2.7144176165949066e-06
5.595929469567743,5.59918,376.7566176864712,2.7144176165949066e-06
5.595929469567743,5.59912,376.78013511181905,2.7144176165949066e-06
5.595929469567743,5.60039,376.7533898355858,2.7144176165949066e-06
5.595929469567743,5.59907,376.7474412545056,2.7144176165949066e-06
5.595929469567743,5.59824,376.76404332578744,2.7144176165949066e-06
5.595929469567743,5.59944,376.7843479319084,2.7144176165949066e-06
5.595929469567743,5.59816,376.77727514099774,2.7144176165949066e-06
5.595929469567743,5.59874,376.8151802369833,2.7144176165949066e-06
5.595929469567743,5.59687,376.61013030680243,3.786479009414645e-06
5.595929469567743,5.59858,376.5880337549605,3.786479009414645e-06
5.595929469567743,5.59933,376.5624379160144,3.786479009414645e-06
5.595929469567743,5.59791,376.5591762628319,3.786479009414645e-06
5.595929469567743,5.59849,376.5702662239396,3.786479009414645e-06
5.595929469567743,5.5997,376.5769148694375,3.786479009414645e-06
5.595929469567743,5.59941,376.565518649815,3.786479009414645e-06
5.595929469567743,5.5982,376.58268046955106,3.786479009414645e-06
5.595929469567743,5.59877,376.60432784223804,3.786479009414645e-06
5.595929469567743,5.59804,376.59216597632854,3.786479009414645e-06
5.595929469567743,5.59851,376.31326536333063,5.281951900505008e-06
5.595929469567743,5.59917,376.3019537677356,5.281951900505008e-06
5.595929469567743,5.60029,376.2602274699883,5.281951900505008e-06
5.595929469567743,5.59981,376.23307468040394,5.281951900505008e-06
5.595929469567743,5.59857,376.2382779655892,5.281951900505008e-06
5.595929469567743,5.59933,376.2654222171997,5.281951900505008e-06
5.595929469567743,5.5991,376.24698507260035,5.281951900505008e-06
5.595929469567743,5.59959,376.2092159224316,5.281951900505008e-06
5.595929469567743,5.60082,376.2285942770016,5.281951900505008e-06
5.595929469567743,5.6005,376.20364713065294,5.281951900505008e-06
5.595929469567743,5.59994,375.617726488665,7.368062997280774e-06
5.595929469567743,5.59994,375.6442885535557,7.368062997280774e-06
5.595929469567743,5.60072,375.61279268019985,7.368062997280774e-06
5.595929469567743,5.59822,375.6366266940962,7.368062997280774e-06
5.595929469567743,5.59962,375.6767211743364,7.368062997280774e-06
5.595929469567743,5.59988,375.68754856390825,7.368062997280774e-06
5.595929469567743,5.5992,375.68881582520356,7.368062997280774e-06
5.595929469567743,5.59883,375.6626854102618,7.368062997280774e-06
5.595929469567743,5.59866,375.68605833690674,7.368062997280774e-06
5.595929469567743,5.59879,375.6901722727813,7.368062997280774e-06
5.595929469567743,5.59774,374.4946942817437,1.0278085328021965e-05
5.595929469567743,5.59827,374.5374764575351,1.0278085328021965e-05
5.595929469567743,5.59824,374.56482165591876,1.0278085328021965e-05
5.595929469567743,5.59736,374.5309548710291,1.0278085328021965e-05
5.595929469567743,5.59717,374.5314887080048,1.0278085328021965e-05
5.595929469567743,5.59933,374.5426735851022,1.0278085328021965e-05
5.595929469567743,5.59928,374.48830432627284,1.0278085328021965e-05
5.595929469567743,5.59957,374.49905419413994,1.0278085328021965e-05
5.595929469567743,5.59966,374.52098977485707,1.0278085328021965e-05
5.595929469567743,5.60002,374.49266277610195,1.0278085328021965e-05
5.595929469567743,5.59961,372.34006939041507,1.433742328873774e-05
5.595929469567743,5.60085,372.35904074504333,1.433742328873774e-05
5.595929469567743,5.59984,372.30441399804283,1.433742328873774e-05
5.595929469567743,5.59932,372.31604844413545,1.433742328873774e-05
5.595929469567743,5.59818,372.3555014026316,1.433742328873774e-05
5.595929469567743,5.60005,372.335277872694,1.433742328873774e-05
5.595929469567743,5.59983,372.2873090736217,1.433742328873774e-05
5.595929469567743,5.60062,372.3547757101228,1.433742328873774e-05
5.595929469567743,5.60021,372.29432649771513,1.433742328873774e-05
5.595929469567743,5.59869,372.30091959015175,1.433742328873774e-05
5.595929469567743,5.60033,367.36796747995095,1.9999999999999998e-05
5.595929469567743,5.6004,366.36947185654515,1.9999999999999998e-05
5.595929469567743,5.59982,366.24633575998,1.9999999999999998e-05
5.595929469567743,5.60112,366.23926549055886,1.9999999999999998e-05
5.595929469567743,5.60101,366.1655076780304,1.9999999999999998e-05
5.595929469567743,5.60107,366.10912515971006,1.9999999999999998e-05
5.595929469567743,5.59995,366.24565769186154,1.9999999999999998e-05
5.595929469567743,5.5996,366.1660765465801,1.9999999999999998e-05
5.595929469567743,5.59992,366.16990561818284,1.9999999999999998e-05
5.595929469567743,5.60019,366.16250936066865,1.9999999999999998e-05
6.240251469155714,6.2358,353.57788699044687,1e-06
6.240251469155714,6.23678,353.52758646934467,1e-06
6.240251469155714,6.23804,353.5019755734447,1e-06
6.240251469155714,6.2381,353.50544376033713,1e-06
6.240251469155714,6.23873,353.445638474414,1e-06
6.240251469155714,6.23921,353.4585749188968,1e-06
6.240251469155714,6.23642,353.4485998550484,1e-06
6.240251469155714,6.23708,353.4981315768271,1e-06
6.240251469155714,6.2376,353.4567538523428,1e-06
6.240251469155714,6.23982,353.5434456397473,1e-06
6.240251469155714,6.23746,353.6390112110013,1.3949507939624201e-06
6.240251469155714,6.23939,353.68287685376134,1.3949507939624201e-06
6.240251469155714,6.23832,353.70379516476805,1.3949507939624201e-06
6.240251469155714,6.23856,353.6466793083757,1.3949507939624201e-06
6.240251469155714,6.24016,353.6755520580762,1.3949507939624201e-06
6.240251469155714,6.23898,353.68131583173016,1.3949507939624201e-06
6.240251469155714,6.23865,353.6676761323248,1.3949507939624201e-06
6.240251469155714,6.2394,353.6688799974416,1.3949507939624201e-06
6.240251469155714,6.24054,353.67847551057855,1.3949507939624201e-06
6.240251469155714,6.23851,353.69129159382334,1.3949507939624201e-06
6.240251469155714,6.23893,353.49822110960866,1.94588771757639e-06
6.240251469155714,6.23888,353.4852262047301,1.94588771757639e-06
6.240251469155714,6.23877,353.5109975014371,1.94588771757639e-06
6.240251469155714,6.23906,353.46116328277924,1.94588771757639e-06
6.240251469155714,6.23843,353.5168245161087,1.94588771757639e-06
6.240251469155714,6.23905,353.51649122852706,1.94588771757639e-06
6.240251469155714,6.23934,353.51788728412555,1.94588771757639e-06
6.240251469155714,6.23882,353.47482365921974,1.94588771757639e-06
6.240251469155714,6.23882,353.4945494282048,1.94588771757639e-06
6.240251469155714,6.23804,353.53109187324407,1.94588771757639e-06
6.240251469155714,6.23847,353.4444607118818,2.7144176165949066e-06
6.240251469155714,6.23833,353.4347605452873,2.7144176165949066e-06
6.240251469155714,6.23902,353.41721939091696,2.7144176165949066e-06
6.240251469155714,6.23757,353.4400651384703,2.7144176165949066e-06
6.240251469155714,6.23838,353.43188554280744,2.7144176165949066e-06
6.240251469155714,6.23776,353.420460691181,2.7144176165949066e-06
6.240251469155714,6.23767,353.4252771510316,2.7144176165949066e-06
6.240251469155714,6.23813,353.4346102287019,2.7144176165949066e-06
6.240251469155714,6.23921,353.44478507925015,2.7144176165949066e-06
6.240251469155714,6.23833,353.4442012179871,2.7144176165949066e-06
6.240251469155714,6.23884,353.2725769941901,3.786479009414645e-06
6.240251469155714,6.23954,353.26241261437156,3.786479009414645e-06
6.240251469155714,6.23771,353.24215361361837,3.786479009414645e-06
6.240251469155714,6.23841,353.2488793908904,3.786479009414645e-06
6.240251469155714,6.23889,353.2585429813227,3.786479009414645e-06
6.240251469155714,6.23785,353.2680942769662,3.786479009414645e-06
6.240251469155714,6.23935,353.25117803118746,3.786479009414645e-06
6.240251469155714,6.23773,353.26235022837784,3.786479009414645e-06
6.240251469155714,6.23814,353.2540869199325,3.786479009414645e-06
6.240251469155714,6.23858,353.24451407276393,3.786479009414645e-06
6.240251469155714,6.23887,353.03333973239836,5.281951900505008e-06
6.240251469155714,6.23899,353.04001805420285,5.281951900505008e-06
6.240251469155714,6.23936,353.0536149807892,5.281951900505008e-06
6.240251469155714,6.23855,353.0538650214509,5.281951900505008e-06
6.240251469155714,6.24024,353.0528652653741,5.281951900505008e-06
6.240251469155714,6.24062,353.00577630693033,5.281951900505008e-06
6.240251469155714,6.23948,352.9959474727879,5.281951900505008e-06
6.240251469155714,6.23973,353.0243760796025,5.281951900505008e-06
6.240251469155714,6.24049,353.0306864553926,5.281951900505008e-06
6.240251469155714,6.23894,353.03238835817314,5.281951900505008e-06
6.240251469155714,6.23835,352.65244061233665,7.368062997280774e-06
6.240251469155714,6.2372,352.6264165797253,7.368062997280774e-06
6.240251469155714,6.23858,352.6236346089195,7.368062997280774e-06
6.240251469155714,6.23676,352.637191506778,7.368062997280774e-06
6.240251469155714,6.23872,352.6540893927293,7.368062997280774e-06
6.240251469155714,6.23891,352.6470978876807,7.368062997280774e-06
6.240251469155714,6.23857,352.62352880950596,7.368062997280774e-06
6.240251469155714,6.23865,352.6191476062423,7.368062997280774e-06
6.240251469155714,6.23734,352.5917726637635,7.368062997280774e-06
6.240251469155714,6.23705,352.63442440035266,7.368062997280774e-06
6.240251469155714,6.23832,351.8159567079759,1.0278085328021965e-05
6.240251469155714,6.2395,351.7922681361722,1.0278085328021965e-05
6.240251469155714,6.23954,351.8041537918279,1.0278085328021965e-05
6.240251469155714,6.23826,351.7520596605245,1.0278085328021965e-05
6.240251469155714,6.23985,351.7920648393513,1.0278085328021965e-05
6.240251469155714,6.23904,351.8013084720881,1.0278085328021965e-05
6.240251469155714,6.23879,351.7667490572279,1.0278085328021965e-05
6.240251469155714,6.24058,351.77938438296934,1.0278085328021965e-05
6.240251469155714,6.23878,351.76637025236016,1.0278085328021965e-05
6.240251469155714,6.23957,351.7505908253231,1.0278085328021965e-05
6.240251469155714,6.23796,350.19801830360507,1.433742328873774e-05
6.240251469155714,6.23982,350.2754584565331,1.433742328873774e-05
6.240251469155714,6.2402,350.2399805555174,1.433742328873774e-05
6.240251469155714,6.24023,350.21395373223487,1.433742328873774e-05
6.240251469155714,6.23901,350.22538267778623,1.433742328873774e-05
6.240251469155714,6.23987,350.210471157101,1.433742328873774e-05
6.240251469155714,6.2407,350.1863850557664,1.433742328873774e-05
6.240251469155714,6.24041,350.22695194103,1.433742328873774e-05
6.240251469155714,6.24127,350.1839193488353,1.433742328873774e-05
6.240251469155714,6.23981,350.16997332121747,1.433742328873774e-05
6.240251469155714,6.24125,347.1554465340306,1.9999999999999998e-05
6.240251469155714,6.2396,347.16749907403977,1.9999999999999998e-05
6.240251469155714,6.24066,347.1764527944293,1.9999999999999998e-05
6.240251469155714,6.23817,347.1962665568828,1.9999999999999998e-05
6.240251469155714,6.24026,347.17319667159603,1.9999999999999998e-05
6.240251469155714,6.2389,347.14854978132826,1.9999999999999998e-05
6.240251469155714,6.23906,347.1889826127894,1.9999999999999998e-05
6.240251469155714,6.23885,347.1618135023946,1.9999999999999998e-05
6.240251469155714,6.2385,347.1937441220074,1.9999999999999998e-05
6.240251469155714,6.23873,347.20422191189385,1.9999999999999998e-05
6.958761472972604,6.96117,331.9220255231675,1e-06
6.958761472972604,6.95848,332.0376782817365,1e-06
6.958761472972604,6.95643,331.9733997863417,1e-06
6.958761472972604,6.95717,332.0409295727303,1e-06
6.958761472972604,6.95587,331.9837635448201,1e-06
6.958761472972604,6.95651,332.04574423218094,1e-06
6.958761472972604,6.95749,332.0790645961575,1e-06
6.958761472972604,6.95707,332.03300965120764,1e-06
6.958761472972604,6.95552,332.00405941746396,1e-06
6.958761472972604,6.95677,332.0365121978463,1e-06
6.958761472972604,6.95469,332.2329270036399,1.3949507939624201e-06
6.958761472972604,6.95485,332.2948229127018,1.3949507939624201e-06
6.958761472972604,6.95604,332.23480207744075,1.3949507939624201e-06
6.958761472972604,6.95734,332.27016676984914,1.3949507939624201e-06
6.958761472972604,6.9569,332.24678530770825,1.3949507939624201e-06
6.958761472972604,6.95963,332.20105998584194,1.3949507939624201e-06
6.958761472972604,6.95899,332.19111501313785,1.3949507939624201e-06
6.958761472972604,6.95949,332.19832126967464,1.3949507939624201e-06
6.958761472972604,6.95803,332.19365359827543,1.3949507939624201e-06
6.958761472972604,6.95723,332.25730912092894,1.3949507939624201e-06
6.958761472972604,6.95877,331.9989483399542,1.94588771757639e-06
6.958761472972604,6.9601,332.01405333044875,1.94588771757639e-06
6.958761472972604,6.95948,332.0002682470655,1.94588771757639e-06
6.958761472972604,6.95943,331.9805502032892,1.94588771757639e-06
6.958761472972604,6.95918,332.02321542813894,1.94588771757639e-06
6.958761472972604,6.95812,332.0106851393923,1.94588771757639e-06
6.958761472972604,6.95853,332.0034797267425,1.94588771757639e-06
6.958761472972604,6.95823,332.07012841425205,1.94588771757639e-06
6.958761472972604,6.95885,332.05129325148675,1.94588771757639e-06
6.958761472972604,6.95818,332.0477926282786,1.94588771757639e-06
6.958761472972604,6.95962,331.9304840857504,2.7144176165949066e-06
6.958761472972604,6.95871,331.94449121808515,2.7144176165949066e-06
6.958761472972604,6.95926,331.96683696520716,2.7144176165949066e-06
6.958761472972604,6.95981,331.9577578434521,2.7144176165949066e-06
6.958761472972604,6.96121,331.91972774735876,2.7144176165949066e-06
6.958761472972604,6.96031,331.9328662080582,2.7144176165949066e-06
6.958761472972604,6.9577,331.9193195191586,2.7144176165949066e-06
6.958761472972604,6.95914,331.92429658041345,2.7144176165949066e-06
6.958761472972604,6.9581,331.95791923599637,2.7144176165949066e-06
6.958761472972604,6.95977,331.9238535420567,2.7144176165949066e-06
6.958761472972604,6.95736,331.81055593044636,3.786479009414645e-06
6.958761472972604,6.95881,331.81933874407605,3.786479009414645e-06
6.958761472972604,6.95953,331.8065212580868,3.786479009414645e-06
6.958761472972604,6.95918,331.8302976945969,3.786479009414645e-06
6.958761472972604,6.95777,331.80685417243524,3.786479009414645e-06
6.958761472972604,6.96085,331.7945930560812,3.786479009414645e-06
6.958761472972604,6.95924,331.7731651686631,3.786479009414645e-06
6.958761472972604,6.95826,331.8061906123199,3.786479009414645e-06
6.958761472972604,6.96127,331.7980645530608,3.786479009414645e-06
6.958761472972604,6.95874,331.7780653048998,3.786479009414645e-06
6.958761472972604,6.95933,331.66744528090453,5.281951900505008e-06
6.958761472972604,6.95899,331.6689808964808,5.281951900505008e-06
6.958761472972604,6.96036,331.6767569577758,5.281951900505008e-06
6.958761472972604,6.96032,331.66907847332436,5.281951900505008e-06
6.958761472972604,6.96147,331.64708099364384,5.281951900505008e-06
6.958761472972604,6.95989,331.655143686917,5.281951900505008e-06
6.958761472972604,6.958,331.6539207238104,5.281951900505008e-06
6.958761472972604,6.95704,331.66284534586885,5.281951900505008e-06
6.958761472972604,6.9577,331.65319702888706,5.281951900505008e-06
6.958761472972604,6.95684,331.6771680002296,5.281951900505008e-06
6.958761472972604,6.95856,331.37513687172975,7.368062997280774e-06
6.958761472972604,6.95902,331.35370797287686,7.368062997280774e-06
6.958761472972604,6.95487,331.3676699979663,7.368062997280774e-06
6.958761472972604,6.95854,331.41143685454523,7.368062997280774e-06
6.958761472972604,6.95948,331.413364852123,7.368062997280774e-06
6.958761472972604,6.959,331.3779016464876,7.368062997280774e-06
6.958761472972604,6.95909,331.3532259006177,7.368062997280774e-06
6.958761472972604,6.95968,331.37141494745634,7.368062997280774e-06
6.958761472972604,6.95958,331.3470463987818,7.368062997280774e-06
6.958761472972604,6.9595,331.3685767251718,7.368062997280774e-06
6.958761472972604,6.95736,330.7637938640592,1.0278085328021965e-05
6.958761472972604,6.95929,330.7698982010777,1.0278085328021965e-05
6.958761472972604,6.95881,330.7796409870572,1.0278085328021965e-05
6.958761472972604,6.95778,330.7778825635786,1.0278085328021965e-05
6.958761472972604,6.96123,330.7480424347343,1.0278085328021965e-05
6.958761472972604,6.95699,330.77844251782324,1.0278085328021965e-05
6.958761472972604,6.95958,330.7543183099748,1.0278085328021965e-05
6.958761472972604,6.95924,330.74187186432187,1.0278085328021965e-05
6.958761472972604,6.96128,330.72848770424747,1.0278085328021965e-05
6.958761472972604,6.95943,330.70651284315795,1.0278085328021965e-05
6.958761472972604,6.9605,329.59775060453336,1.433742328873774e-05
6.958761472972604,6.95825,329.60179695811996,1.433742328873774e-05
6.958761472972604,6.9615,329.6228580675229,1.433742328873774e-05
6.958761472972604,6.95862,329.6240389467261,1.433742328873774e-05
6.958761472972604,6.9568,329.6584700231919,1.433742328873774e-05
6.958761472972604,6.9594,329.62820722264564,1.433742328873774e-05
6.958761472972604,6.9571,329.6471125235283,1.433742328873774e-05
6.958761472972604,6.96036,329.6573116112489,1.433742328873774e-05
6.958761472972604,6.95763,329.6433571958539,1.433742328873774e-05
6.958761472972604,6.95888,329.65797020154025,1.433742328873774e-05
6.958761472972604,6.96018,327.4755418137474,1.9999999999999998e-05
6.958761472972604,6.95976,327.4475658935597,1.9999999999999998e-05
6.958761472972604,6.95932,327.43633873908124,1.9999999999999998e-05
6.958761472972604,6.95864,327.48571841898263,1.9999999999999998e-05
6.958761472972604,6.96029,327.44739022935676,1.9999999999999998e-05
6.958761472972604,6.95953,327.4332135054067,1.9999999999999998e-05
6.958761472972604,6.95968,327.48673009876273,1.9999999999999998e-05
6.958761472972604,6.95865,327.41978475018396,1.9999999999999998e-05
6.958761472972604,6.96212,327.44383378086604,1.9999999999999998e-05
6.958761472972604,6.95943,327.4436970935003,1.9999999999999998e-05
7.760001576391525,7.75894,312.89476195743305,1e-06
7.760001576391525,7.75947,312.8193315768791,1e-06
7.760001576391525,7.75722,312.7921465751017,1e-06
7.760001576391525,7.7589,312.9460181089794,1e-06
7.760001576391525,7.75994,312.88648984851085,1e-06
7.760001576391525,7.7579,312.81324131184704,1e-06
7.760001576391525,7.75921,312.9117979491465,1e-06
7.760001576391525,7.76039,312.9150921898232,1e-06
7.760001576391525,7.76128,312.8381714552734,1e-06
7.760001576391525,7.76121,312.87153476893286,1e-06
7.760001576391525,7.75861,312.9440304984025,1.3949507939624201e-06
7.760001576391525,7.75667,312.9757959112162,1.3949507939624201e-06
7.760001576391525,7.75652,313.02626895689366,1.3949507939624201e-06
7.760001576391525,7.75991,313.04850813269604,1.3949507939624201e-06
7.760001576391525,7.75817,312.99610305284773,1.3949507939624201e-06
7.760001576391525,7.75812,313.05161170312505,1.3949507939624201e-06
7.760001576391525,7.75428,312.9972668917586,1.3949507939624201e-06
7.760001576391525,7.75767,313.03954995991506,1.3949507939624201e-06
7.760001576391525,7.75877,313.02506355230736,1.3949507939624201e-06
7.760001576391525,7.75735,312.9943911628095,1.3949507939624201e-06
7.760001576391525,7.75859,312.8626127897516,1.94588771757639e-06
7.760001576391525,7.75843,312.80423559371246,1.94588771757639e-06
7.760001576391525,7.7593,312.8346210473024,1.94588771757639e-06
7.760001576391525,7.76066,312.8130732326312,1.94588771757639e-06
7.760001576391525,7.75927,312.7847581350117,1.94588771757639e-06
7.760001576391525,7.76017,312.8577944666349,1.94588771757639e-06
7.760001576391525,7.76056,312.8384361968706,1.94588771757639e-06
7.760001576391525,7.75757,312.8153643088543,1.94588771757639e-06
7.760001576391525,7.75653,312.8876678492384,1.94588771757639e-06
7.760001576391525,7.75962,312.84258242681784,1.94588771757639e-06
7.760001576391525,7.75907,312.79260681920925,2.7144176165949066e-06
7.760001576391525,7.75768,312.79442169419235,2.7144176165949066e-06
7.760001576391525,7.75848,312.8128172796794,2.7144176165949066e-06
7.760001576391525,7.75599,312.81688848572264,2.7144176165949066e-06
7.760001576391525,7.75929,312.7790799088077,2.7144176165949066e-06
7.760001576391525,7.75858,312.7950237516736,2.7144176165949066e-06
7.760001576391525,7.75955,312.818926462164,2.7144176165949066e-06
7.760001576391525,7.75945,312.80228562502595,2.7144176165949066e-06
7.760001576391525,7.75964,312.7748781646772,2.7144176165949066e-06
7.760001576391525,7.7594,312.76511470688877,2.7144176165949066e-06
7.760001576391525,7.75731,312.67263432070894,3.786479009414645e-06
7.760001576391525,7.75957,312.71818120045725,3.786479009414645e-06
7.760001576391525,7.75777,312.68606602516394,3.786479009414645e-06
7.760001576391525,7.75817,312.7125551181115,3.786479009414645e-06
7.760001576391525,7.75755,312.7263719142916,3.786479009414645e-06
7.760001576391525,7.7594,312.70307414849725,3.786479009414645e-06
7.760001576391525,7.75713,312.706766832182,3.786479009414645e-06
7.760001576391525,7.75957,312.70458899385466,3.786479009414645e-06
7.760001576391525,7.75942,312.6947371111503,3.786479009414645e-06
7.760001576391525,7.75887,312.69021696233017,3.786479009414645e-06
7.760001576391525,7.75953,312.5930921802361,5.281951900505008e-06
7.760001576391525,7.75576,312.6138943435825,5.281951900505008e-06
7.760001576391525,7.75957,312.61542060804453,5.281951900505008e-06
7.760001576391525,7.75552,312.6052591994935,5.281951900505008e-06
7.760001576391525,7.75624,312.62768926984734,5.281951900505008e-06
7.760001576391525,7.75875,312.6111569065491,5.281951900505008e-06
7.760001576391525,7.75646,312.63314096941366,5.281951900505008e-06
7.760001576391525,7.75608,312.62539255489094,5.281951900505008e-06
7.760001576391525,7.75708,312.59436555804524,5.281951900505008e-06
7.760001576391525,7.76026,312.59813039792766,5.281951900505008e-06
7.760001576391525,7.76031,312.384507625497,7.368062997280774e-06
7.760001576391525,7.76027,312.37142172447705,7.368062997280774e-06
7.760001576391525,7.76185,312.33940122592986,7.368062997280774e-06
7.760001576391525,7.75922,312.3259075745528,7.368062997280774e-06
7.760001576391525,7.76078,312.3283054031351,7.368062997280774e-06
7.760001576391525,7.75918,312.34725224191664,7.368062997280774e-06
7.760001576391525,7.75999,312.33547528074865,7.368062997280774e-06
7.760001576391525,7.76159,312.323202548775,7.368062997280774e-06
7.760001576391525,7.75902,312.31297760379783,7.368062997280774e-06
7.760001576391525,7.76064,312.32859627865787,7.368062997280774e-06
7.760001576391525,7.75903,311.93696231646845,1.0278085328021965e-05
7.760001576391525,7.75961,311.9558891878117,1.0278085328021965e-05
7.760001576391525,7.75833,311.92473065923474,1.0278085328021965e-05
7.760001576391525,7.75934,311.9295243272323,1.0278085328021965e-05
7.760001576391525,7.75945,311.937170627805,1.0278085328021965e-05
7.760001576391525,7.75885,311.9450323436113,1.0278085328021965e-05
7.760001576391525,7.75901,311.912995856924,1.0278085328021965e-05
7.760001576391525,7.75987,311.9310675444153,1.0278085328021965e-05
7.760001576391525,7.75804,311.9467337269746,1.0278085328021965e-05
7.760001576391525,7.75983,311.9293419242265,1.0278085328021965e-05
7.760001576391525,7.75896,311.14366989626933,1.433742328873774e-05
7.760001576391525,7.76005,311.1701569988251,1.433742328873774e-05
7.760001576391525,7.75773,311.1714662409759,1.433742328873774e-05
7.760001576391525,7.75859,311.1884890850059,1.433742328873774e-05
7.760001576391525,7.76107,311.1439347103779,1.433742328873774e-05
7.760001576391525,7.75873,311.1578283143882,1.433742328873774e-05
7.760001576391525,7.75974,311.1522567333882,1.433742328873774e-05
7.760001576391525,7.76141,311.1512629315726,1.433742328873774e-05
7.760001576391525,7.75933,311.1370080540161,1.433742328873774e-05
7.760001576391525,7.76003,311.15243122911005,1.433742328873774e-05
7.760001576391525,7.75679,309.5784330104282,1.9999999999999998e-05
7.760001576391525,7.75742,309.57005384942147,1.9999999999999998e-05
7.760001576391525,7.7585,309.52781552066637,1.9999999999999998e-05
7.760001576391525,7.76047,309.55300121470583,1.9999999999999998e-05
7.760001576391525,7.76059,309.5024245271427,1.9999999999999998e-05
7.760001576391525,7.76068,309.5062606854431,1.9999999999999998e-05
7.760001576391525,7.75958,309.5109957806062,1.9999999999999998e-05
7.760001576391525,7.75741,309.5295282466453,1.9999999999999998e-05
7.760001576391525,7.75631,309.51472617531255,1.9999999999999998e-05
7.760001576391525,7.75962,309.54954698646037,1.9999999999999998e-05
8.653497421844452,8.64934,295.1353043107561,1e-06
8.653497421844452,8.64901,295.23770279718894,1e-06
8.653497421844452,8.64791,295.18884753291553,1e-06
8.653497421844452,8.64786,295.1851302378625,1e-06
8.653497421844452,8.64833,295.17044144631836,1e-06
8.653497421844452,8.64929,295.1381175149846,1e-06
8.653497421844452,8.65086,295.19801729020986,1e-06
8.653497421844452,8.64751,295.17511651929954,1e-06
8.653497421844452,8.64786,295.2525440601073,1e-06
8.653497421844452,8.647,295.1930737817107,1e-06
8.653497421844452,8.64802,295.36867126371294,1.3949507939624201e-06
8.653497421844452,8.64764,295.3515646790864,1.3949507939624201e-06
8.653497421844452,8.64823,295.3229089945795,1.3949507939624201e-06
8.653497421844452,8.64881,295.3033238641242,1.3949507939624201e-06
8.653497421844452,8.6482,295.3025541293948,1.3949507939624201e-06
8.653497421844452,8.64825,295.3412671678762,1.3949507939624201e-06
8.653497421844452,8.64809,295.35599527218886,1.3949507939624201e-06
8.653497421844452,8.64683,295.33500768505655,1.3949507939624201e-06
8.653497421844452,8.64873,295.36274122735745,1.3949507939624201e-06
8.653497421844452,8.65035,295.3167449588663,1.3949507939624201e-06
8.653497421844452,8.64959,295.18142516762487,1.94588771757639e-06
8.653497421844452,8.64713,295.21839912075825,1.94588771757639e-06
8.653497421844452,8.6472,295.25600212661186,1.94588771757639e-06
8.653497421844452,8.64709,295.26744205731006,1.94588771757639e-06
8.653497421844452,8.6475,295.25701964697697,1.94588771757639e-06
8.653497421844452,8.64881,295.22971986251997,1.94588771757639e-06
8.653497421844452,8.64926,295.2398343681006,1.94588771757639e-06
8.653497421844452,8.64899,295.2496398653274,1.94588771757639e-06
8.653497421844452,8.64754,295.2320175603507,1.94588771757639e-06
8.653497421844452,8.64834,295.2519485991708,1.94588771757639e-06
8.653497421844452,8.64841,295.14907656943956,2.7144176165949066e-06
8.653497421844452,8.64924,295.13864538955625,2.7144176165949066e-06
8.653497421844452,8.64935,295.13032259756744,2.7144176165949066e-06
8.653497421844452,8.64973,295.10147605369906,2.7144176165949066e-06
8.653497421844452,8.6501,295.1252426881226,2.7144176165949066e-06
8.653497421844452,8.65104,295.1080622935571,2.7144176165949066e-06
8.653497421844452,8.65184,295.0776350521227,2.7144176165949066e-06
8.653497421844452,8.6505,295.09757652501906,2.7144176165949066e-06
8.653497421844452,8.65089,295.0777379003127,2.7144176165949066e-06
8.653497421844452,8.65048,295.0789261924769,2.7144176165949066e-06
8.653497421844452,8.65031,295.0782998628425,3.786479009414645e-06
8.653497421844452,8.65153,295.040969785617,3.786479009414645e-06
8.653497421844452,8.65144,295.0286048816551,3.786479009414645e-06
8.653497421844452,8.64927,295.0549107866391,3.786479009414645e-06
8.653497421844452,8.65018,295.046995705468,3.786479009414645e-06
8.653497421844452,8.64958,295.0679596679507,3.786479009414645e-06
8.653497421844452,8.64889,295.07529796225225,3.786479009414645e-06
8.653497421844452,8.65244,295.04672460996795,3.786479009414645e-06
8.653497421844452,8.65114,295.0009820650574,3.786479009414645e-06
8.653497421844452,8.65108,295.02135846490796,3.786479009414645e-06
8.653497421844452,8.65183,294.93303492674767,5.281951900505008e-06
8.653497421844452,8.65014,294.9282341460422,5.281951900505008e-06
8.653497421844452,8.64949,294.96017755207754,5.281951900505008e-06
8.653497421844452,8.64717,294.97140945991697,5.281951900505008e-06
8.653497421844452,8.64662,294.996375308494,5.281951900505008e-06
8.653497421844452,8.64736,294.99668958724453,5.281951900505008e-06
8.653497421844452,8.64878,294.97698760280986,5.281951900505008e-06
8.653497421844452,8.64871,294.98169161981207,5.281951900505008e-06
8.653497421844452,8.64853,294.97584432745896,5.281951900505008e-06
8.653497421844452,8.64767,294.9835423272791,5.281951900505008e-06
8.653497421844452,8.64918,294.81292918966307,7.368062997280774e-06
8.653497421844452,8.64897,294.80706970919397,7.368062997280774e-06
8.653497421844452,8.64979,294.7958858659505,7.368062997280774e-06
8.653497421844452,8.65082,294.783110659627,7.368062997280774e-06
8.653497421844452,8.6516,294.76822995753605,7.368062997280774e-06
8.653497421844452,8.65067,294.76976419476193,7.368062997280774e-06
8.653497421844452,8.65147,294.78000254682735,7.368062997280774e-06
8.653497421844452,8.65002,294.7754418051649,7.368062997280774e-06
8.653497421844452,8.64984,294.8085809212031,7.368062997280774e-06
8.653497421844452,8.64988,294.79179466383414,7.368062997280774e-06
8.653497421844452,8.65052,294.4910498107436,1.0278085328021965e-05
8.653497421844452,8.6513,294.482805738121,1.0278085328021965e-05
8.653497421844452,8.65075,294.4687055470032,1.0278085328021965e-05
8.653497421844452,8.64906,294.4827353259641,1.0278085328021965e-05
8.653497421844452,8.64765,294.51311576886684,1.0278085328021965e-05
8.653497421844452,8.64772,294.5416368711642,1.0278085328021965e-05
8.653497421844452,8.64888,294.51775461369454,1.0278085328021965e-05
8.653497421844452,8.65001,294.50114382175485,1.0278085328021965e-05
8.653497421844452,8.65015,294.50852539769016,1.0278085328021965e-05
8.653497421844452,8.64988,294.48889941929383,1.0278085328021965e-05
8.653497421844452,8.64977,293.91985966750735,1.433742328873774e-05
8.653497421844452,8.64955,293.9345343832687,1.433742328873774e-05
8.653497421844452,8.64946,293.9291703997543,1.433742328873774e-05
8.653497421844452,8.64867,293.9303138335236,1.433742328873774e-05
8.653497421844452,8.64974,293.94849583840534,1.433742328873774e-05
8.653497421844452,8.65072,293.92460699961634,1.433742328873774e-05
8.653497421844452,8.65037,293.91990025835764,1.433742328873774e-05
8.653497421844452,8.65102,293.92568048531535,1.433742328873774e-05
8.653497421844452,8.65134,293.9029723759479,1.433742328873774e-05
8.653497421844452,8.65052,293.89896271888654,1.433742328873774e-05
8.653497421844452,8.64861,292.8058346295748,1.9999999999999998e-05
8.653497421844452,8.64988,292.7887658887282,1.9999999999999998e-05
8.653497421844452,8.65044,292.75543156610473,1.9999999999999998e-05
8.653497421844452,8.65065,292.78761634046595,1.9999999999999998e-05
8.653497421844452,8.65156,292.7432727256305,1.9999999999999998e-05
8.653497421844452,8.65256,292.7172707728679,1.9999999999999998e-05
8.653497421844452,8.65279,292.72785003138006,1.9999999999999998e-05
8.653497421844452,8.65264,292.70383825954787,1.9999999999999998e-05
8.653497421844452,8.65173,292.717991683295,1.9999999999999998e-05
8.653497421844452,8.65159,292.767897174689,1.9999999999999998e-05
9.64987144560477,9.6475,279.0057033774065,1e-06
9.64987144560477,9.64732,278.97249253512126,1e-06
9.64987144560477,9.64851,278.9546297620125,1e-06
9.64987144560477,9.64761,278.9783422819292,1e-06
9.64987144560477,9.64849,278.9595560906385,1e-06
9.64987144560477,9.64684,278.98935887558736,1e-06
9.64987144560477,9.64659,278.9627966442116,1e-06
9.64987144560477,9.64788,278.9706199289478,1e-06
9.64987144560477,9.65058,278.93364669444253,1e-06
9.64987144560477,9.65103,278.91198072691486,1e-06
9.64987144560477,9.65084,279.1493182940422,1.3949507939624201e-06
9.64987144560477,9.65088,279.16195579882987,1.3949507939624201e-06
9.64987144560477,9.65079,279.1714912726579,1.3949507939624201e-06
9.64987144560477,9.64993,279.1878327409634,1.3949507939624201e-06
9.64987144560477,9.6494,279.13512438563174,1.3949507939624201e-06
9.64987144560477,9.64913,279.1716529169511,1.3949507939624201e-06
9.64987144560477,9.64775,279.16057335525585,1.3949507939624201e-06
9.64987144560477,9.64606,279.22338216970684,1.3949507939624201e-06
9.64987144560477,9.64707,279.16514096114014,1.3949507939624201e-06
9.64987144560477,9.64874,279.1979316606134,1.3949507939624201e-06
9.64987144560477,9.64985,279.08937480658534,1.94588771757639e-06
9.64987144560477,9.64911,279.13660342265985,1.94588771757639e-06
9.64987144560477,9.6483,279.0716818711277,1.94588771757639e-06
9.64987144560477,9.64793,279.10572355570383,1.94588771757639e-06
9.64987144560477,9.64864,279.0993458440017,1.94588771757639e-06
9.64987144560477,9.64802,279.1022096892806,1.94588771757639e-06
9.64987144560477,9.64803,279.08340322014817,1.94588771757639e-06
9.64987144560477,9.64858,279.12861224591035,1.94588771757639e-06
9.64987144560477,9.64886,279.09958201467214,1.94588771757639e-06
9.64987144560477,9.64948,279.09538391546545,1.94588771757639e-06
9.64987144560477,9.64922,278.9692216327708,2.7144176165949066e-06
9.64987144560477,9.64881,278.97302622466,2.7144176165949066e-06
9.64987144560477,9.64904,278.9913213353768,2.7144176165949066e-06
9.64987144560477,9.64849,278.981500915514,2.7144176165949066e-06
9.64987144560477,9.64874,278.97291309165104,2.7144176165949066e-06
9.64987144560477,9.64819,278.9900729165786,2.7144176165949066e-06
9.64987144560477,9.64736,278.969261189767,2.7144176165949066e-06
9.64987144560477,9.64763,278.9999123237995,2.7144176165949066e-06
9.64987144560477,9.64802,278.9722137239592,2.7144176165949066e-06
9.64987144560477,9.64848,278.97572322065713,2.7144176165949066e-06
9.64987144560477,9.64805,278.95211938321876,3.786479009414645e-06
9.64987144560477,9.64871,278.9347959270444,3.786479009414645e-06
9.64987144560477,9.64766,278.94248358291094,3.786479009414645e-06
9.64987144560477,9.64822,278.9529933542767,3.786479009414645e-06
9.64987144560477,9.6475,278.96769489727734,3.786479009414645e-06
9.64987144560477,9.64706,278.965860749061,3.786479009414645e-06
9.64987144560477,9.64876,278.9629700089686,3.786479009414645e-06
9.64987144560477,9.64928,278.95904592996163,3.786479009414645e-06
9.64987144560477,9.64997,278.92082940447926,3.786479009414645e-06
9.64987144560477,9.64952,278.9312671483795,3.786479009414645e-06
9.64987144560477,9.64949,278.85680068252975,5.281951900505008e-06
9.64987144560477,9.64804,278.8652431123526,5.281951900505008e-06
9.64987144560477,9.64788,278.88002763043966,5.281951900505008e-06
9.64987144560477,9.64923,278.8774007804958,5.281951900505008e-06
9.64987144560477,9.64812,278.8665250281355,5.281951900505008e-06
9.64987144560477,9.64842,278.867108049776,5.281951900505008e-06
9.64987144560477,9.64642,278.8791884695847,5.281951900505008e-06
9.64987144560477,9.64777,278.893984778207,5.281951900505008e-06
9.64987144560477,9.64734,278.9082891369096,5.281951900505008e-06
9.64987144560477,9.6481,278.8957204263127,5.281951900505008e-06
9.64987144560477,9.64887,278.7752015058667,7.368062997280774e-06
9.64987144560477,9.6482,278.76257844084864,7.368062997280774e-06
9.64987144560477,9.65126,278.74059489658515,7.368062997280774e-06
9.64987144560477,9.65121,278.735897752373,7.368062997280774e-06
9.64987144560477,9.65052,278.72312866667676,7.368062997280774e-06
9.64987144560477,9.64917,278.73139122198023,7.368062997280774e-06
9.64987144560477,9.65009,278.7419466808279,7.368062997280774e-06
9.64987144560477,9.64971,278.7462894115776,7.368062997280774e-06
9.64987144560477,9.65012,278.7550121797572,7.368062997280774e-06
9.64987144560477,9.65178,278.74875252685047,7.368062997280774e-06
9.64987144560477,9.65022,278.5243373011494,1.0278085328021965e-05
9.64987144560477,9.64994,278.5213189806206,1.0278085328021965e-05
9.64987144560477,9.65019,278.5259181271996,1.0278085328021965e-05
9.64987144560477,9.64879,278.531994675444,1.0278085328021965e-05
9.64987144560477,9.64862,278.53963784194445,1.0278085328021965e-05
9.64987144560477,9.64822,278.5459235372781,1.0278085328021965e-05
9.64987144560477,9.64752,278.5514119246276,1.0278085328021965e-05
9.64987144560477,9.65027,278.5470018670752,1.0278085328021965e-05
9.64987144560477,9.65094,278.52658338627225,1.0278085328021965e-05
9.64987144560477,9.6493,278.5099441787439,1.0278085328021965e-05
9.64987144560477,9.65059,278.1223894524782,1.433742328873774e-05
9.64987144560477,9.65071,278.1301479965993,1.433742328873774e-05
9.64987144560477,9.64999,278.1246327335319,1.433742328873774e-05
9.64987144560477,9.65139,278.1264208278912,1.433742328873774e-05
9.64987144560477,9.64863,278.1312033587082,1.433742328873774e-05
9.64987144560477,9.64884,278.12458420424963,1.433742328873774e-05
9.64987144560477,9.64786,278.1445432196421,1.433742328873774e-05
9.64987144560477,9.64777,278.16176287687273,1.433742328873774e-05
9.64987144560477,9.64755,278.1558834944061,1.433742328873774e-05
9.64987144560477,9.64781,278.15605649231065,1.433742328873774e-05
9.64987144560477,9.64809,277.32618072454125,1.9999999999999998e-05
9.64987144560477,9.64876,277.2959539188482,1.9999999999999998e-05
9.64987144560477,9.64852,277.3050630097156,1.9999999999999998e-05
9.64987144560477,9.64794,277.3127264142572,1.9999999999999998e-05
9.64987144560477,9.64783,277.30440018873463,1.9999999999999998e-05
9.64987144560477,9.64797,277.29682118031974,1.9999999999999998e-05
9.64987144560477,9.6483,277.31001811462914,1.9999999999999998e-05
9.64987144560477,9.65062,277.2890431001248,1.9999999999999998e-05
9.64987144560477,9.64926,277.2762939162594,1.9999999999999998e-05
9.64987144560477,9.65096,277.3167962188325,1.9999999999999998e-05
10.760969163939524,10.7586,264.0942091375723,1e-06
10.760969163939524,10.7597,264.12564186298636,1e-06
10.760969163939524,10.7579,264.12067687964566,1e-06
10.760969163939524,10.7593,264.1815065155054,1e-06
10.760969163939524,10.7589,264.1065700563046,1e-06
10.760969163939524,10.7587,264.1650159847645,1e-06
10.760969163939524,10.7576,264.20287183525295,1e-06
10.760969163939524,10.7567,264.1102057469601,1e-06
10.760969163939524,10.758,264.1442133058627,1e-06
10.760969163939524,10.7594,264.1290993124581,1e-06
10.760969163939524,10.76,264.30239157063846,1.3949507939624201e-06
10.760969163939524,10.7588,264.3206142706227,1.3949507939624201e-06
10.760969163939524,10.758,264.3298403110895,1.3949507939624201e-06
10.760969163939524,10.7592,264.3427503019713,1.3949507939624201e-06
10.760969163939524,10.7593,264.31143133530065,1.3949507939624201e-06
10.760969163939524,10.7581,264.31253821384166,1.3949507939624201e-06
10.760969163939524,10.7578,264.30973945836547,1.3949507939624201e-06
10.760969163939524,10.7585,264.3460170561629,1.3949507939624201e-06
10.760969163939524,10.758,264.3315752931696,1.3949507939624201e-06
10.760969163939524,10.7581,264.33582576834544,1.3949507939624201e-06
10.760969163939524,10.758,264.23669846177063,1.94588771757639e-06
10.760969163939524,10.7588,264.23310292885395,1.94588771757639e-06
10.760969163939524,10.7594,264.2237201109111,1.94588771757639e-06
10.760969163939524,10.7597,264.2552654494289,1.94588771757639e-06
10.760969163939524,10.7595,264.2524413337955,1.94588771757639e-06
10.760969163939524,10.7604,264.251505479924,1.94588771757639e-06
10.760969163939524,10.7599,264.21580618625,1.94588771757639e-06
10.760969163939524,10.7602,264.2239033087208,1.94588771757639e-06
10.760969163939524,10.76,264.2033641856044,1.94588771757639e-06
10.760969163939524,10.7592,264.2001516023262,1.94588771757639e-06
10.760969163939524,10.7597,264.2195578031066,2.7144176165949066e-06
10.760969163939524,10.7585,264.20687424786286,2.7144176165949066e-06
10.760969163939524,10.759,264.2292239506844,2.7144176165949066e-06
10.760969163939524,10.7587,264.2011020909854,2.7144176165949066e-06
10.760969163939524,10.758,264.2191250495688,2.7144176165949066e-06
10.760969163939524,10.76,264.18351900619916,2.7144176165949066e-06
10.760969163939524,10.7588,264.2157856479542,2.7144176165949066e-06
10.760969163939524,10.7601,264.18762502239895,2.7144176165949066e-06
10.760969163939524,10.7606,264.18194305547274,2.7144176165949066e-06
10.760969163939524,10.7594,264.16437579348496,2.7144176165949066e-06
10.760969163939524,10.7591,264.11764884428754,3.786479009414645e-06
10.760969163939524,10.7588,264.13128528823114,3.786479009414645e-06
10.760969163939524,10.7598,264.1168270506062,3.786479009414645e-06
10.760969163939524,10.7595,264.1293785454039,3.786479009414645e-06
10.760969163939524,10.7618,264.1093498056822,3.786479009414645e-06
10.760969163939524,10.7593,264.12528659135904,3.786479009414645e-06
10.760969163939524,10.7583,264.1101267948771,3.786479009414645e-06
10.760969163939524,10.7608,264.11290977734393,3.786479009414645e-06
10.760969163939524,10.762,264.11306404089214,3.786479009414645e-06
10.760969163939524,10.7613,264.1090781430367,3.786479009414645e-06
10.760969163939524,10.76,264.0585210079117,5.281951900505008e-06
10.760969163939524,10.7597,264.0691759926633,5.281951900505008e-06
10.760969163939524,10.7598,264.06554572751094,5.281951900505008e-06
10.760969163939524,10.7584,264.0894866126599,5.281951900505008e-06
10.760969163939524,10.76,264.0912710491874,5.281951900505008e-06
10.760969163939524,10.7596,264.0735811805819,5.281951900505008e-06
10.760969163939524,10.7581,264.08542456997463,5.281951900505008e-06
10.760969163939524,10.7606,264.0878302457398,5.281951900505008e-06
10.760969163939524,10.7593,264.08190001306957,5.281951900505008e-06
10.760969163939524,10.7597,264.0731933126286,5.281951900505008e-06
10.760969163939524,10.7604,264.0057727093918,7.368062997280774e-06
10.760969163939524,10.7597,263.99137320518446,7.368062997280774e-06
10.760969163939524,10.7595,264.002358856689,7.368062997280774e-06
10.760969163939524,10.76,263.98462565084986,7.368062997280774e-06
10.760969163939524,10.7604,263.9915518692079,7.368062997280774e-06
10.760969163939524,10.7606,263.9793283937106,7.368062997280774e-06
10.760969163939524,10.7592,263.97999787374624,7.368062997280774e-06
10.760969163939524,10.762,263.98456327874385,7.368062997280774e-06
10.760969163939524,10.7595,263.98030565385847,7.368062997280774e-06
10.760969163939524,10.7599,263.9821934301716,7.368062997280774e-06
10.760969163939524,10.7606,263.82128105707926,1.0278085328021965e-05
10.760969163939524,10.759,263.82536391748727,1.0278085328021965e-05
10.760969163939524,10.7595,263.82276660733265,1.0278085328021965e-05
10.760969163939524,10.7601,263.8247665633137,1.0278085328021965e-05
10.760969163939524,10.7588,263.8388736493904,1.0278085328021965e-05
10.760969163939524,10.7588,263.83801783872406,1.0278085328021965e-05
10.760969163939524,10.7595,263.8425505429711,1.0278085328021965e-05
10.760969163939524,10.7612,263.8342659363472,1.0278085328021965e-05
10.760969163939524,10.7583,263.83119141145573,1.0278085328021965e-05
10.760969163939524,10.7602,263.82824224945495,1.0278085328021965e-05
10.760969163939524,10.7598,263.56426589100016,1.433742328873774e-05
10.760969163939524,10.7603,263.5689804209091,1.433742328873774e-05
10.760969163939524,10.7599,263.5650896905458,1.433742328873774e-05
10.760969163939524,10.7606,263.5576380492009,1.433742328873774e-05
10.760969163939524,10.7604,263.5654424265331,1.433742328873774e-05
10.760969163939524,10.7621,263.55271052966384,1.433742328873774e-05
10.760969163939524,10.7611,263.5330512275242,1.433742328873774e-05
10.760969163939524,10.7631,263.5429381701079,1.433742328873774e-05
10.760969163939524,10.76,263.54886907749153,1.433742328873774e-05
10.760969163939524,10.7597,263.56523422992063,1.433742328873774e-05
10.760969163939524,10.7613,262.9399342627497,1.9999999999999998e-05
10.760969163939524,10.76,262.92949265797114,1.9999999999999998e-05
10.760969163939524,10.7601,262.93583782937105,1.9999999999999998e-05
10.760969163939524,10.7609,262.9499979103191,1.9999999999999998e-05
10.760969163939524,10.76,262.9240688646432,1.9999999999999998e-05
10.760969163939524,10.7591,262.9280838009986,1.9999999999999998e-05
10.760969163939524,10.761,262.95214378384986,1.9999999999999998e-05
10.760969163939524,10.759,262.9422146761621,1.9999999999999998e-05
10.760969163939524,10.7587,262.94516381613687,1.9999999999999998e-05
10.760969163939524,10.76,262.95750562226027,1.9999999999999998e-05
12.0,11.9984,250.31877481205234,1e-06
12.0,11.9971,250.43000590076903,1e-06
12.0,11.9968,250.33368479446332,1e-06
12.0,11.9979,250.32855874981186,1e-06
12.0,11.9991,250.35049315285752,1e-06
12.0,11.9971,250.35482892334406,1e-06
12.0,11.9996,250.3875351068554,1e-06
12.0,12.0009,250.3564824861348,1e-06
12.0,12.0001,250.39635482423435,1e-06
12.0,11.9983,250.45060671616133,1e-06
12.0,11.999,250.50561085964137,1.3949507939624201e-06
12.0,11.9971,250.46628511231535,1.3949507939624201e-06
12.0,11.9991,250.5281317583547,1.3949507939624201e-06
12.0,11.9987,250.49624780639272,1.3949507939624201e-06
12.0,11.9966,250.4821662792527,1.3949507939624201e-06
12.0,11.9972,250.48185222748316,1.3949507939624201e-06
12.0,11.9972,250.50509513737268,1.3949507939624201e-06
12.0,11.998,250.5162162647433,1.3949507939624201e-06
12.0,12.0012,250.50596647708636,1.3949507939624201e-06
12.0,12.0001,250.49554734778897,1.3949507939624201e-06
12.0,11.9992,250.41167905957477,1.94588771757639e-06
12.0,11.9962,250.46649824514017,1.94588771757639e-06
12.0,11.9993,250.4557668264532,1.94588771757639e-06
12.0,12.0004,250.44422315723622,1.94588771757639e-06
12.0,11.9984,250.43610396274013,1.94588771757639e-06
12.0,12.0001,250.42661630267722,1.94588771757639e-06
12.0,11.998,250.42624107824759,1.94588771757639e-06
12.0,11.9998,250.4615309358528,1.94588771757639e-06
12.0,11.9993,250.42753118812473,1.94588771757639e-06
12.0,12.0006,250.4567026803247,1.94588771757639e-06
12.0,12.0001,250.36619063260358,2.7144176165949066e-06
12.0,12.0008,250.35370011550097,2.7144176165949066e-06
12.0,11.9992,250.35736942246336,2.7144176165949066e-06
12.0,12.0007,250.37238604933972,2.7144176165949066e-06
12.0,11.9975,250.3730893727312,2.7144176165949066e-06
12.0,12.0011,250.3808385882759,2.7144176165949066e-06
12.0,12.0015,250.35831483467118,2.7144176165949066e-06
12.0,11.9998,250.38026659411167,2.7144176165949066e-06
12.0,12.0013,250.37870092820427,2.7144176165949066e-06
12.0,12.0005,250.36457512488101,2.7144176165949066e-06
12.0,12.0018,250.33022569147505,3.786479009414645e-06
12.0,12.0011,250.31997907557383,3.786479009414645e-06
12.0,12.0028,250.29256269990094,3.786479009414645e-06
12.0,12.0005,250.30070860924891,3.786479009414645e-06
12.0,12.0018,250.2746159509344,3.786479009414645e-06
12.0,12.0014,250.28583692262896,3.786479009414645e-06
12.0,12.0005,250.29011093034646,3.786479009414645e-06
12.0,11.9992,250.30374226998148,3.786479009414645e-06
12.0,11.9986,250.31406658480222,3.786479009414645e-06
12.0,11.9976,250.32614054317503,3.786479009414645e-06
12.0,12.0006,250.30233518937877,5.281951900505008e-06
12.0,12.0016,250.28071338054608,5.281951900505008e-06
12.0,12.0021,250.2706641853652,5.281951900505008e-06
12.0,12.0018,250.2833808875082,5.281951900505008e-06
12.0,12.0009,250.2876824000305,5.281951900505008e-06
12.0,12.0013,250.2715167630362,5.281951900505008e-06
12.0,12.0011,250.28118174939542,5.281951900505008e-06
12.0,12.0009,250.2655129411631,5.281951900505008e-06
12.0,12.0008,250.28285112656147,5.281951900505008e-06
12.0,11.9993,250.2767237073531,5.281951900505008e-06
12.0,11.9996,250.228397033916,7.368062997280774e-06
12.0,11.999,250.23362492394665,7.368062997280774e-06
12.0,11.9986,250.24578573587956,7.368062997280774e-06
12.0,11.9992,250.2414144422028,7.368062997280774e-06
12.0,12.0002,250.2353506493674,7.368062997280774e-06
12.0,11.9989,250.23774702065762,7.368062997280774e-06
12.0,12.0,250.23688168055048,7.368062997280774e-06
12.0,12.0016,250.23533257894417,7.368062997280774e-06
12.0,11.9982,250.2352632118355,7.368062997280774e-06
12.0,12.0011,250.23419589102986,7.368062997280774e-06
12.0,11.9998,250.09674840736668,1.0278085328021965e-05
12.0,11.9994,250.09961817287012,1.0278085328021965e-05
12.0,12.0014,250.11249712049556,1.0278085328021965e-05
12.0,11.9995,250.1082692570108,1.0278085328021965e-05
12.0,12.0001,250.09939419117228,1.0278085328021965e-05
12.0,11.9986,250.11353408053878,1.0278085328021965e-05
12.0,11.9995,250.11004544023217,1.0278085328021965e-05
12.0,12.0007,250.09660737411474,1.0278085328021965e-05
12.0,11.9992,250.09732319621995,1.0278085328021965e-05
12.0,11.9986,250.10070423337888,1.0278085328021965e-05
12.0,12.0016,249.93704465325388,1.433742328873774e-05
12.0,12.0008,249.9399832211242,1.433742328873774e-05
12.0,11.9991,249.93217285252254,1.433742328873774e-05
12.0,11.9992,249.93676740726139,1.433742328873774e-05
12.0,12.0001,249.9348091608504,1.433742328873774e-05
12.0,12.0003,249.92279921194665,1.433742328873774e-05
12.0,12.0001,249.92177305727623,1.433742328873774e-05
12.0,12.0015,249.92133045224762,1.433742328873774e-05
12.0,11.9994,249.92878104512042,1.433742328873774e-05
12.0,11.999,249.9399298988263,1.433742328873774e-05
12.0,11.9985,249.49620355932052,1.9999999999999998e-05
12.0,11.9982,249.47775645577616,1.9999999999999998e-05
12.0,11.9997,249.47929405442315,1.9999999999999998e-05
12.0,11.9981,249.4928536988045,1.9999999999999998e-05
12.0,11.9984,249.4811687007066,1.9999999999999998e-05
12.0,11.9989,249.48156276404694,1.9999999999999998e-05
12.0,11.9988,249.48385649186108,1.9999999999999998e-05
12.0,12.0011,249.4815572879624,1.9999999999999998e-05
12.0,12.0019,249.47478809581824,1.9999999999999998e-05
12.0,11.9997,249.4761984560297,1.9999999999999998e-05
