setpoint,temperature,resistance,current
4.5,4.5022,453.3424927107991,1e-06
4.5,4.50243,450.54947483326157,1e-06
4.5,4.50218,452.65637152682757,1e-06
4.5,4.50232,452.8760162050642,1e-06
4.5,4.50209,452.8140355177034,1e-06
4.5,4.50246,452.875043394747,1e-06
4.5,4.50219,452.8716224525058,1e-06
4.5,4.5029,452.79746553004924,1e-06
4.5,4.50254,452.81595751601213,1e-06
4.5,4.50226,452.9048139674337,1e-06
4.5,4.50283,452.97565036489027,1.3949507939624201e-06
4.5,4.50266,452.9557080775205,1.3949507939624201e-06
4.5,4.50228,452.9370958917632,1.3949507939624201e-06
4.5,4.50285,452.8920741074395,1.3949507939624201e-06
4.5,4.50407,452.92358550779244,1.3949507939624201e-06
4.5,4.50351,452.93165232775664,1.3949507939624201e-06
4.5,4.50273,452.9069669349843,1.3949507939624201e-06
4.5,4.50302,452.9425456136475,1.3949507939624201e-06
4.5,4.50266,452.9517547199502,1.3949507939624201e-06
4.5,4.50253,452.94112314386746,1.3949507939624201e-06
4.5,4.50296,452.3489207898026,1.94588771757639e-06
4.5,4.50288,452.3236692892908,1.94588771757639e-06
4.5,4.50282,452.33929849038554,1.94588771757639e-06
4.5,4.50378,452.3289334673181,1.94588771757639e-06
4.5,4.50268,452.3350904587675,1.94588771757639e-06
4.5,4.50278,452.3559430046427,1.94588771757639e-06
4.5,4.50213,452.36442859475835,1.94588771757639e-06
4.5,4.50236,452.36131423199254,1.94588771757639e-06
4.5,4.5019,452.38595433740426,1.94588771757639e-06
4.5,4.50268,452.3831467757898,1.94588771757639e-06
4.5,4.50226,452.5929093635854,2.7144176165949066e-06
4.5,4.50253,452.6112899174139,2.7144176165949066e-06
4.5,4.50105,452.61767916343115,2.7144176165949066e-06
4.5,4.50137,452.6234663519671,2.7144176165949066e-06
4.5,4.50251,452.5797938459437,2.7144176165949066e-06
4.5,4.50224,452.569581811819,2.7144176165949066e-06
4.5,4.50297,452.5459876458986,2.7144176165949066e-06
4.5,4.5023,452.6159402378806,2.7144176165949066e-06
4.5,4.50199,452.60865146577095,2.7144176165949066e-06
4.5,4.50232,452.58440777397396,2.7144176165949066e-06
4.5,4.50236,452.33886155063067,3.786479009414645e-06
4.5,4.50241,452.31140150476216,3.786479009414645e-06
4.5,4.5022,452.34119875681483,3.786479009414645e-06
4.5,4.50191,452.3352976089512,3.786479009414645e-06
4.5,4.50233,452.34599964260684,3.786479009414645e-06
4.5,4.50214,452.3701305449905,3.786479009414645e-06
4.5,4.50144,452.4030210080425,3.786479009414645e-06
4.5,4.50172,452.36321987831883,3.786479009414645e-06
4.5,4.50189,452.35723592722707,3.786479009414645e-06
4.5,4.50176,452.35652756262533,3.786479009414645e-06
4.5,4.50223,452.0591031092989,5.281951900505008e-06
4.5,4.5028,452.0351260394037,5.281951900505008e-06
4.5,4.50234,452.03217515302504,5.281951900505008e-06
4.5,4.50279,452.00505895475686,5.281951900505008e-06
4.5,4.50268,451.98695560427666,5.281951900505008e-06
4.5,4.5038,451.9802394714452,5.281951900505008e-06
4.5,4.50255,452.0159692655826,5.281951900505008e-06
4.5,4.50222,452.0441169324017,5.281951900505008e-06
4.5,4.5019,452.0633895787245,5.281951900505008e-06
4.5,4.5015,452.06966173691757,5.281951900505008e-06
4.5,4.50158,451.6582875914195,7.368062997280774e-06
4.5,4.50179,451.64020871587104,7.368062997280774e-06
4.5,4.5018,451.6455907874162,7.368062997280774e-06
4.5,4.50201,451.64239960896134,7.368062997280774e-06
4.5,4.50231,451.62289521018494,7.368062997280774e-06
4.5,4.50208,451.6281481656414,7.368062997280774e-06
4.5,4.50168,451.6544012845862,7.368062997280774e-06
4.5,4.50181,451.6398041715569,7.368062997280774e-06
4.5,4.50228,451.6294466129897,7.368062997280774e-06
4.5,4.5022,451.6361073127093,7.368062997280774e-06
4.5,4.50197,450.64325540410505,1.0278085328021965e-05
4.5,4.50224,450.6300016214368,1.0278085328021965e-05
4.5,4.50159,450.666303580476,1.0278085328021965e-05
4.5,4.50178,450.6862678297387,1.0278085328021965e-05
4.5,4.50178,450.6940027200875,1.0278085328021965e-05
4.5,4.50164,450.69274553923304,1.0278085328021965e-05
4.5,4.50065,450.73431629162513,1.0278085328021965e-05
4.5,4.50132,450.71761064176485,1.0278085328021965e-05
4.5,4.5011,450.69988641841854,1.0278085328021965e-05
4.5,4.50153,450.7073492712947,1.0278085328021965e-05
4.5,4.50158,448.7153406814399,1.433742328873774e-05
4.5,4.5013,448.2963716600299,1.433742328873774e-05
4.5,4.50183,447.97251568831007,1.433742328873774e-05
4.5,4.5019,447.7328731493828,1.433742328873774e-05
4.5,4.50071,447.58112732590746,1.433742328873774e-05
4.5,4.5017,447.48922949095305,1.433742328873774e-05
4.5,4.5022,447.42081218977626,1.433742328873774e-05
4.5,4.50146,447.40545731515357,1.433742328873774e-05
4.5,4.5015,447.4078900701028,1.433742328873774e-05
4.5,4.50081,447.4057805441389,1.433742328873774e-05
4.5,4.5018,446.6468981768617,1.9999999999999998e-05
4.5,4.50157,445.98212824661675,1.9999999999999998e-05
4.5,4.50091,445.90534172982586,1.9999999999999998e-05
4.5,4.50182,445.88912822453955,1.9999999999999998e-05
4.5,4.50147,445.9370117522379,1.9999999999999998e-05
4.5,4.50178,445.853941696842,1.9999999999999998e-05
4.5,4.50149,445.89379363384217,1.9999999999999998e-05
4.5,4.50122,445.9072315158726,1.9999999999999998e-05
4.5,4.50107,445.86949162952783,1.9999999999999998e-05
4.5,4.50139,445.8709787622976,1.9999999999999998e-05
5.018135372133243,5.01813,421.5306719208272,1e-06
5.018135372133243,5.01854,421.5408681755424,1e-06
5.018135372133243,5.01843,421.54388753824867,1e-06
5.018135372133243,5.01896,421.55460992657913,1e-06
5.018135372133243,5.01875,421.52736479524566,1e-06
5.018135372133243,5.01796,421.5802401498364,1e-06
5.018135372133243,5.01837,421.57004174763705,1e-06
5.018135372133243,5.01702,421.5262846107213,1e-06
5.018135372133243,5.01668,421.61862857639244,1e-06
5.018135372133243,5.01761,421.5759945736839,1e-06
5.018135372133243,5.01727,421.6563034453554,1.3949507939624201e-06
5.018135372133243,5.01828,421.7054032842756,1.3949507939624201e-06
5.018135372133243,5.01747,421.685525654623,1.3949507939624201e-06
5.018135372133243,5.0179,421.6769892964738,1.3949507939624201e-06
5.018135372133243,5.01844,421.6118143174645,1.3949507939624201e-06
5.018135372133243,5.01875,421.65136482733146,1.3949507939624201e-06
5.018135372133243,5.01804,421.5710460872556,1.3949507939624201e-06
5.018135372133243,5.01837,421.6326494971204,1.3949507939624201e-06
5.018135372133243,5.01904,421.63829165268703,1.3949507939624201e-06
5.018135372133243,5.01834,421.649437411569,1.3949507939624201e-06
5.018135372133243,5.01964,421.10536534820363,1.94588771757639e-06
5.018135372133243,5.01926,421.0880972992326,1.94588771757639e-06
5.018135372133243,5.01834,421.1320658771745,1.94588771757639e-06
5.018135372133243,5.01874,421.0940258452204,1.94588771757639e-06
5.018135372133243,5.01888,421.0800520460211,1.94588771757639e-06
5.018135372133243,5.01871,421.0442589462397,1.94588771757639e-06
5.018135372133243,5.01991,421.0416533436563,1.94588771757639e-06
5.018135372133243,5.01743,421.10732534404775,1.94588771757639e-06
5.018135372133243,5.01839,421.0970243298536,1.94588771757639e-06
5.018135372133243,5.0184,421.1229898603828,1.94588771757639e-06
5.018135372133243,5.01926,421.30662446674506,2.7144176165949066e-06
5.018135372133243,5.01831,421.3063594348709,2.7144176165949066e-06
5.018135372133243,5.02017,421.2818657428582,2.7144176165949066e-06
5.018135372133243,5.0194,421.27033250506236,2.7144176165949066e-06
5.018135372133243,5.01932,421.3050113324423,2.7144176165949066e-06
5.018135372133243,5.01798,421.3346877820899,2.7144176165949066e-06
5.018135372133243,5.01861,421.3401846222741,2.7144176165949066e-06
5.018135372133243,5.0184,421.32444489350814,2.7144176165949066e-06
5.018135372133243,5.01817,421.32535074871987,2.7144176165949066e-06
5.018135372133243,5.01843,421.3117502623055,2.7144176165949066e-06
5.018135372133243,5.02006,421.0654905297713,3.786479009414645e-06
5.018135372133243,5.01911,421.04608054567854,3.786479009414645e-06
5.018135372133243,5.01992,421.0303598423982,3.786479009414645e-06
5.018135372133243,5.01879,421.071222101161,3.786479009414645e-06
5.018135372133243,5.01921,421.0545304449597,3.786479009414645e-06
5.018135372133243,5.0191,421.0681266215802,3.786479009414645e-06
5.018135372133243,5.01855,421.0656079288687,3.786479009414645e-06
5.018135372133243,5.0192,421.0720966393644,3.786479009414645e-06
5.018135372133243,5.01978,421.05406028142494,3.786479009414645e-06
5.018135372133243,5.01896,421.0398476177573,3.786479009414645e-06
5.018135372133243,5.01935,420.832360366114,5.281951900505008e-06
5.018135372133243,5.01859,420.8470399890943,5.281951900505008e-06
5.018135372133243,5.02055,420.84547794645624,5.281951900505008e-06
5.018135372133243,5.01963,420.83508682575246,5.281951900505008e-06
5.018135372133243,5.01946,420.833790273443,5.281951900505008e-06
5.018135372133243,5.01926,420.86489167263215,5.281951900505008e-06
5.018135372133243,5.01936,420.8563219863424,5.281951900505008e-06
5.018135372133243,5.01867,420.8621778166692,5.281951900505008e-06
5.018135372133243,5.01926,420.85359105443194,5.281951900505008e-06
5.018135372133243,5.01877,420.87645778116087,5.281951900505008e-06
5.018135372133243,5.01746,420.65106471155303,7.368062997280774e-06
5.018135372133243,5.01811,420.6535225805739,7.368062997280774e-06
5.018135372133243,5.01875,420.6404092824605,7.368062997280774e-06
5.018135372133243,5.01815,420.6277165588755,7.368062997280774e-06
5.018135372133243,5.01821,420.66664957723407,7.368062997280774e-06
5.018135372133243,5.01725,420.70691222899393,7.368062997280774e-06
5.018135372133243,5.0178,420.6714262896003,7.368062997280774e-06
5.018135372133243,5.01879,420.62010191568305,7.368062997280774e-06
5.018135372133243,5.01897,420.62701589278674,7.368062997280774e-06
5.018135372133243,5.01891,420.606550555535,7.368062997280774e-06
5.018135372133243,5.0193,419.91466680005755,1.0278085328021965e-05
5.018135372133243,5.01935,419.906226116635,1.0278085328021965e-05
5.018135372133243,5.02004,419.88784415598957,1.0278085328021965e-05
5.018135372133243,5.02003,419.8725716129066,1.0278085328021965e-05
5.018135372133243,5.01919,419.9058656983246,1.0278085328021965e-05
5.018135372133243,5.01888,419.92606333150195,1.0278085328021965e-05
5.018135372133243,5.01884,419.92574887958483,1.0278085328021965e-05
5.018135372133243,5.01994,419.8916719029152,1.0278085328021965e-05
5.018135372133243,5.02004,419.8599126771542,1.0278085328021965e-05
5.018135372133243,5.01986,419.8750264272424,1.0278085328021965e-05
5.018135372133243,5.02115,418.633890019051,1.433742328873774e-05
5.018135372133243,5.02118,418.6370532595247,1.433742328873774e-05
5.018135372133243,5.01978,418.64618050914555,1.433742328873774e-05
5.018135372133243,5.01888,418.67120993585087,1.433742328873774e-05
5.018135372133243,5.01963,418.68071238871926,1.433742328873774e-05
5.018135372133243,5.02056,418.6737746485091,1.433742328873774e-05
5.018135372133243,5.02022,418.66997094133404,1.433742328873774e-05
5.018135372133243,5.01931,418.6975122077449,1.433742328873774e-05
5.018135372133243,5.019,418.69783304022263,1.433742328873774e-05
5.018135372133243,5.02022,418.6712485795386,1.433742328873774e-05
5.018135372133243,5.02009,415.5884195490302,1.9999999999999998e-05
5.018135372133243,5.02001,416.6717431583519,1.9999999999999998e-05
5.018135372133243,5.01899,416.6011821980942,1.9999999999999998e-05
5.018135372133243,5.01851,416.6055609182635,1.9999999999999998e-05
5.018135372133243,5.01927,416.65003853610966,1.9999999999999998e-05
5.018135372133243,5.01906,416.6141959520061,1.9999999999999998e-05
5.018135372133243,5.01897,416.6484816101053,1.9999999999999998e-05
5.018135372133243,5.01843,416.65807764300223,1.9999999999999998e-05
5.018135372133243,5.02017,416.6302344373347,1.9999999999999998e-05
5.018135372133243,5.01957,416.6289384306539,1.9999999999999998e-05
5.595929469567743,5.59838,393.32789150822794,1e-06
5.595929469567743,5.59913,393.2082530190879,1e-06
5.595929469567743,5.59936,393.3008546828564,1e-06
5.595929469567743,5.59817,393.286281855456,1e-06
5.595929469567743,5.59955,393.3804254128398,1e-06
5.595929469567743,5.59871,393.35358400852544,1e-06
5.595929469567743,5.59747,393.35348737173894,1e-06
5.595929469567743,5.59872,393.331325335374,1e-06
5.595929469567743,5.59798,393.38023858171925,1e-06
5.595929469567743,5.59786,393.380189189584,1e-06
5.595929469567743,5.59953,393.4985695718423,1.3949507939624201e-06
5.595929469567743,5.59964,393.42912410455426,1.3949507939624201e-06
5.595929469567743,5.59836,393.477843694518,1.3949507939624201e-06
5.595929469567743,5.59911,393.42893013140235,1.3949507939624201e-06
5.595929469567743,5.5994,393.45074749257304,1.3949507939624201e-06
5.595929469567743,5.59956,393.43055427168144,1.3949507939624201e-06
5.595929469567743,5.6005,393.47360091668946,1.3949507939624201e-06
5.595929469567743,5.5981,393.4581292486282,1.3949507939624201e-06
5.595929469567743,5.59988,393.44568417752293,1.3949507939624201e-06
5.595929469567743,5.59892,393.4630617087743,1.3949507939624201e-06
5.595929469567743,5.59841,392.80866365821333,1.94588771757639e-06
5.595929469567743,5.59999,392.86615907684285,1.94588771757639e-06
5.595929469567743,5.60039,392.8293076234497,1.94588771757639e-06
5.595929469567743,5.60141,392.8090112926114,1.94588771757639e-06
5.595929469567743,5.60169,392.81859386238295,1.94588771757639e-06
5.595929469567743,5.60168,392.7925102465185,1.94588771757639e-06
5.595929469567743,5.60156,392.76671135977995,1.94588771757639e-06
5.595929469567743,5.601,392.8417805249306,1.94588771757639e-06
5.595929469567743,5.5992,392.844311082628,1.94588771757639e-06
5.595929469567743,5.59806,392.9166543526576,1.94588771757639e-06
5.595929469567743,5.5991,393.1156840118928,2.7144176165949066e-06
5.595929469567743,5.60064,393.09773779388195,2.7144176165949066e-06
5.595929469567743,5.59918,393.1103485642529,2.7144176165949066e-06
5.595929469567743,5.59912,393.09951627642863,2.7144176165949066e-06
5.595929469567743,5.60039,393.079957715255,2.7144176165949066e-06
5.595929469567743,5.59907,393.1169173990326,2.7144176165949066e-06
5.595929469567743,5.59824,393.1160685058954,2.7144176165949066e-06
5.595929469567743,5.59944,393.1065028330877,2.7144176165949066e-06
5.595929469567743,5.59816,393.15298705039714,2.7144176165949066e-06
5.595929469567743,5.59874,393.1435875169732,2.7144176165949066e-06
5.595929469567743,5.59687,392.9467251318656,3.786479009414645e-06
5.595929469567743,5.59858,392.93562382785007,3.786479009414645e-06
5.595929469567743,5.59933,392.9325697498831,3.786479009414645e-06
5.595929469567743,5.59791,392.93404829793496,3.786479009414645e-06
5.595929469567743,5.59849,392.9558975743835,3.786479009414645e-06
5.595929469567743,5.5997,392.94146939546465,3.786479009414645e-06
5.595929469567743,5.59941,392.92801387090293,3.786479009414645e-06
5.595929469567743,5.5982,392.9554756182076,3.786479009414645e-06
5.595929469567743,5.59877,392.9541655123388,3.786479009414645e-06
5.595929469567743,5.59804,392.9690865406083,3.786479009414645e-06
5.595929469567743,5.59851,392.82345920267244,5.281951900505008e-06
5.595929469567743,5.59917,392.7887620967964,5.281951900505008e-06
5.595929469567743,5.60029,392.7755221388296,5.281951900505008e-06
5.595929469567743,5.59981,392.75131495021157,5.281951900505008e-06
5.595929469567743,5.59857,392.78326852050145,5.281951900505008e-06
5.595929469567743,5.59933,392.77786032394454,5.281951900505008e-06
5.595929469567743,5.5991,392.73912963529597,5.281951900505008e-06
5.595929469567743,5.59959,392.73343196076974,5.281951900505008e-06
5.595929469567743,5.60082,392.7198948,5.281951900505008e-06
5.595929469567743,5.6005,392.70348847345815,5.281951900505008e-06
5.595929469567743,5.59994,392.56998138874246,7.368062997280774e-06
5.595929469567743,5.59994,392.5831197522817,7.368062997280774e-06
5.595929469567743,5.60072,392.5612300576358,7.368062997280774e-06
5.595929469567743,5.59822,392.59976436084906,7.368062997280774e-06
5.595929469567743,5.59962,392.63728438869254,7.368062997280774e-06
5.595929469567743,5.59988,392.603997211767,7.368062997280774e-06
5.595929469567743,5.5992,392.6196578566423,7.368062997280774e-06
5.595929469567743,5.59883,392.6179895485342,7.368062997280774e-06
5.595929469567743,5.59866,392.6233710371624,7.368062997280774e-06
5.595929469567743,5.59879,392.60637405534175,7.368062997280774e-06
5.595929469567743,5.59774,392.163936807209,1.0278085328021965e-05
5.595929469567743,5.59827,392.15663065794615,1.0278085328021965e-05
5.595929469567743,5.59824,392.14301875528724,1.0278085328021965e-05
5.595929469567743,5.59736,392.17661224907533,1.0278085328021965e-05
5.595929469567743,5.59717,392.15323081635364,1.0278085328021965e-05
5.595929469567743,5.59933,392.1280301591513,1.0278085328021965e-05
5.595929469567743,5.59928,392.1174712607543,1.0278085328021965e-05
5.595929469567743,5.59957,392.1277723294731,1.0278085328021965e-05
5.595929469567743,5.59966,392.12103302941387,1.0278085328021965e-05
5.595929469567743,5.60002,392.1277618825656,1.0278085328021965e-05
5.595929469567743,5.59961,391.2920329755135,1.433742328873774e-05
5.595929469567743,5.60085,391.27766111842135,1.433742328873774e-05
5.595929469567743,5.59984,391.31662773562203,1.433742328873774e-05
5.595929469567743,5.59932,391.31162412696335,1.433742328873774e-05
5.595929469567743,5.59818,391.31770077197575,1.433742328873774e-05
5.595929469567743,5.60005,391.2801272746976,1.433742328873774e-05
5.595929469567743,5.59983,391.2862072149082,1.433742328873774e-05
5.595929469567743,5.60062,391.2916417456201,1.433742328873774e-05
5.595929469567743,5.60021,391.31239954700845,1.433742328873774e-05
5.595929469567743,5.59869,391.3000033110087,1.433742328873774e-05
5.595929469567743,5.60033,387.9354048483184,1.9999999999999998e-05
5.595929469567743,5.6004,388.096800522391,1.9999999999999998e-05
5.595929469567743,5.59982,388.16115890419593,1.9999999999999998e-05
5.595929469567743,5.60112,388.1717198017188,1.9999999999999998e-05
5.595929469567743,5.60101,388.21585103037245,1.9999999999999998e-05
5.595929469567743,5.60107,388.2253177847239,1.9999999999999998e-05
5.595929469567743,5.59995,388.27555516979237,1.9999999999999998e-05
5.595929469567743,5.5996,388.33861915552956,1.9999999999999998e-05
5.595929469567743,5.59992,388.2715540847097,1.9999999999999998e-05
5.595929469567743,5.60019,388.251097150755,1.9999999999999998e-05
6.240251469155714,6.2358,368.63220610572256,1e-06
6.240251469155714,6.23678,368.5794746325695,1e-06
6.240251469155714,6.23804,368.5716685277065,1e-06
6.240251469155714,6.2381,368.5762985035207,1e-06
6.240251469155714,6.23873,368.57981608254835,1e-06
6.240251469155714,6.23921,368.53235453548433,1e-06
6.240251469155714,6.23642,368.58584621802436,1e-06
6.240251469155714,6.23708,368.6266741865679,1e-06
6.240251469155714,6.2376,368.6167635472439,1e-06
6.240251469155714,6.23982,368.5106821255042,1e-06
6.240251469155714,6.23746,368.7541165930733,1.3949507939624201e-06
6.240251469155714,6.23939,368.70225956435246,1.3949507939624201e-06
6.240251469155714,6.23832,368.7239845573555,1.3949507939624201e-06
6.240251469155714,6.23856,368.7304611053688,1.3949507939624201e-06
6.240251469155714,6.24016,368.71493401640697,1.3949507939624201e-06
6.240251469155714,6.23898,368.7271712591353,1.3949507939624201e-06
6.240251469155714,6.23865,368.7096197678351,1.3949507939624201e-06
6.240251469155714,6.2394,368.6509490472894,1.3949507939624201e-06
6.240251469155714,6.24054,368.673628511357,1.3949507939624201e-06
6.240251469155714,6.23851,368.6750602179537,1.3949507939624201e-06
6.240251469155714,6.23893,368.22795296285767,1.94588771757639e-06
6.240251469155714,6.23888,368.23662064718184,1.94588771757639e-06
6.240251469155714,6.23877,368.17456294092864,1.94588771757639e-06
6.240251469155714,6.23906,368.2296657520187,1.94588771757639e-06
6.240251469155714,6.23843,368.247210804907,1.94588771757639e-06
6.240251469155714,6.23905,368.20268159752317,1.94588771757639e-06
6.240251469155714,6.23934,368.2044517739499,1.94588771757639e-06
6.240251469155714,6.23882,368.22298786077295,1.94588771757639e-06
6.240251469155714,6.23882,368.195993773866,1.94588771757639e-06
6.240251469155714,6.23804,368.25029426683744,1.94588771757639e-06
6.240251469155714,6.23847,368.4041009884805,2.7144176165949066e-06
6.240251469155714,6.23833,368.40919751186374,2.7144176165949066e-06
6.240251469155714,6.23902,368.38697439142965,2.7144176165949066e-06
6.240251469155714,6.23757,368.39735889405756,2.7144176165949066e-06
6.240251469155714,6.23838,368.4144214087745,2.7144176165949066e-06
6.240251469155714,6.23776,368.39057012237924,2.7144176165949066e-06
6.240251469155714,6.23767,368.383862838113,2.7144176165949066e-06
6.240251469155714,6.23813,368.3875898982897,2.7144176165949066e-06
6.240251469155714,6.23921,368.4078058967393,2.7144176165949066e-06
6.240251469155714,6.23833,368.4206057495517,2.7144176165949066e-06
6.240251469155714,6.23884,368.27187700007096,3.786479009414645e-06
6.240251469155714,6.23954,368.2595132303999,3.786479009414645e-06
6.240251469155714,6.23771,368.2450135911609,3.786479009414645e-06
6.240251469155714,6.23841,368.2430756553367,3.786479009414645e-06
6.240251469155714,6.23889,368.251494361621,3.786479009414645e-06
6.240251469155714,6.23785,368.260441647416,3.786479009414645e-06
6.240251469155714,6.23935,368.24733661871005,3.786479009414645e-06
6.240251469155714,6.23773,368.2446738710676,3.786479009414645e-06
6.240251469155714,6.23814,368.2434613142072,3.786479009414645e-06
6.240251469155714,6.23858,368.245082215754,3.786479009414645e-06
6.240251469155714,6.23887,368.1001333981036,5.281951900505008e-06
6.240251469155714,6.23899,368.11598841547914,5.281951900505008e-06
6.240251469155714,6.23936,368.12137750323745,5.281951900505008e-06
6.240251469155714,6.23855,368.1184737789998,5.281951900505008e-06
6.240251469155714,6.24024,368.10464917311174,5.281951900505008e-06
6.240251469155714,6.24062,368.0513681508008,5.281951900505008e-06
6.240251469155714,6.23948,368.09071032100246,5.281951900505008e-06
6.240251469155714,6.23973,368.1023244048127,5.281951900505008e-06
6.240251469155714,6.24049,368.10756143532313,5.281951900505008e-06
6.240251469155714,6.23894,368.1290169569515,5.281951900505008e-06
6.240251469155714,6.23835,368.0376409405648,7.368062997280774e-06
6.240251469155714,6.2372,368.02786455012614,7.368062997280774e-06
6.240251469155714,6.23858,368.0538926631555,7.368062997280774e-06
6.240251469155714,6.23676,368.05355253115664,7.368062997280774e-06
6.240251469155714,6.23872,368.0539658192239,7.368062997280774e-06
6.240251469155714,6.23891,368.0441754387801,7.368062997280774e-06
6.240251469155714,6.23857,368.01659647539367,7.368062997280774e-06
6.240251469155714,6.23865,368.0148716243483,7.368062997280774e-06
6.240251469155714,6.23734,368.03284732360913,7.368062997280774e-06
6.240251469155714,6.23705,368.0476449600448,7.368062997280774e-06
6.240251469155714,6.23832,367.69891385249844,1.0278085328021965e-05
6.240251469155714,6.2395,367.6774699032506,1.0278085328021965e-05
6.240251469155714,6.23954,367.6389143373151,1.0278085328021965e-05
6.240251469155714,6.23826,367.67347396111336,1.0278085328021965e-05
6.240251469155714,6.23985,367.677811099251,1.0278085328021965e-05
6.240251469155714,6.23904,367.66578775335387,1.0278085328021965e-05
6.240251469155714,6.23879,367.6695781003506,1.0278085328021965e-05
6.240251469155714,6.24058,367.65198446334864,1.0278085328021965e-05
6.240251469155714,6.23878,367.61211258706203,1.0278085328021965e-05
6.240251469155714,6.23957,367.6575223690399,1.0278085328021965e-05
6.240251469155714,6.23796,367.0896671634096,1.433742328873774e-05
6.240251469155714,6.23982,367.0796551530768,1.433742328873774e-05
6.240251469155714,6.2402,367.1016341249553,1.433742328873774e-05
6.240251469155714,6.24023,367.09293345371736,1.433742328873774e-05
6.240251469155714,6.23901,367.0677395666664,1.433742328873774e-05
6.240251469155714,6.23987,367.08932640996113,1.433742328873774e-05
6.240251469155714,6.2407,367.06419722862006,1.433742328873774e-05
6.240251469155714,6.24041,367.05222772078497,1.433742328873774e-05
6.240251469155714,6.24127,367.0551877074434,1.433742328873774e-05
6.240251469155714,6.23981,367.0368031976551,1.433742328873774e-05
6.240251469155714,6.24125,363.789445966115,1.9999999999999998e-05
6.240251469155714,6.2396,363.8120653092284,1.9999999999999998e-05
6.240251469155714,6.24066,363.84193294819835,1.9999999999999998e-05
6.240251469155714,6.23817,363.8944688929202,1.9999999999999998e-05
6.240251469155714,6.24026,363.88122610982424,1.9999999999999998e-05
6.240251469155714,6.2389,363.8778296489022,1.9999999999999998e-05
6.240251469155714,6.23906,363.9103872265108,1.9999999999999998e-05
6.240251469155714,6.23885,363.94066750455903,1.9999999999999998e-05
6.240251469155714,6.2385,363.9188263023253,1.9999999999999998e-05
6.240251469155714,6.23873,363.9067654945022,1.9999999999999998e-05
6.958761472972604,6.96117,345.8070824717804,1e-06
6.958761472972604,6.95848,345.9001544345764,1e-06
6.958761472972604,6.95643,345.9421012423589,1e-06
6.958761472972604,6.95717,345.94730459643955,1e-06
6.958761472972604,6.95587,345.9742834397392,1e-06
6.958761472972604,6.95651,345.92724065208324,1e-06
6.958761472972604,6.95749,345.9830623549194,1e-06
6.958761472972604,6.95707,345.9371899461218,1e-06
6.958761472972604,6.95552,345.8965380712781,1e-06
6.958761472972604,6.95677,345.9742855872233,1e-06
6.958761472972604,6.95469,346.1067304506015,1.3949507939624201e-06
6.958761472972604,6.95485,346.106541095858,1.3949507939624201e-06
6.958761472972604,6.95604,346.1313650408818,1.3949507939624201e-06
6.958761472972604,6.95734,346.13220097279793,1.3949507939624201e-06
6.958761472972604,6.9569,346.07628128417514,1.3949507939624201e-06
6.958761472972604,6.95963,346.05689474528003,1.3949507939624201e-06
6.958761472972604,6.95899,346.054183739563,1.3949507939624201e-06
6.958761472972604,6.95949,346.0212390931439,1.3949507939624201e-06
6.958761472972604,6.95803,346.0302403710697,1.3949507939624201e-06
6.958761472972604,6.95723,346.0503027370573,1.3949507939624201e-06
6.958761472972604,6.95877,345.57346239493336,1.94588771757639e-06
6.958761472972604,6.9601,345.59186825680723,1.94588771757639e-06
6.958761472972604,6.95948,345.5550223214203,1.94588771757639e-06
6.958761472972604,6.95943,345.5505394930877,1.94588771757639e-06
6.958761472972604,6.95918,345.5831487032237,1.94588771757639e-06
6.958761472972604,6.95812,345.5865588311281,1.94588771757639e-06
6.958761472972604,6.95853,345.5860898005911,1.94588771757639e-06
6.958761472972604,6.95823,345.59696468744227,1.94588771757639e-06
6.958761472972604,6.95885,345.58273816355364,1.94588771757639e-06
6.958761472972604,6.95818,345.5571478574539,1.94588771757639e-06
6.958761472972604,6.95962,345.73156640102934,2.7144176165949066e-06
6.958761472972604,6.95871,345.7529153118486,2.7144176165949066e-06
6.958761472972604,6.95926,345.72798332831866,2.7144176165949066e-06
6.958761472972604,6.95981,345.725311648799,2.7144176165949066e-06
6.958761472972604,6.96121,345.71412888598894,2.7144176165949066e-06
6.958761472972604,6.96031,345.6994492847198,2.7144176165949066e-06
6.958761472972604,6.9577,345.7425118218626,2.7144176165949066e-06
6.958761472972604,6.95914,345.7306035837433,2.7144176165949066e-06
6.958761472972604,6.9581,345.7343116565618,2.7144176165949066e-06
6.958761472972604,6.95977,345.73794298880784,2.7144176165949066e-06
6.958761472972604,6.95736,345.6003973912349,3.786479009414645e-06
6.958761472972604,6.95881,345.6003616610749,3.786479009414645e-06
6.958761472972604,6.95953,345.60456817849,3.786479009414645e-06
6.958761472972604,6.95918,345.6096254140018,3.786479009414645e-06
6.958761472972604,6.95777,345.60326828123834,3.786479009414645e-06
6.958761472972604,6.96085,345.5562899265061,3.786479009414645e-06
6.958761472972604,6.95924,345.5877767046986,3.786479009414645e-06
6.958761472972604,6.95826,345.59593906126315,3.786479009414645e-06
6.958761472972604,6.96127,345.5700358295115,3.786479009414645e-06
6.958761472972604,6.95874,345.5887760148895,3.786479009414645e-06
6.958761472972604,6.95933,345.51923323167136,5.281951900505008e-06
6.958761472972604,6.95899,345.5208156028186,5.281951900505008e-06
6.958761472972604,6.96036,345.5460786541984,5.281951900505008e-06
6.958761472972604,6.96032,345.5084103334347,5.281951900505008e-06
6.958761472972604,6.96147,345.48440114449517,5.281951900505008e-06
6.958761472972604,6.95989,345.501617358839,5.281951900505008e-06
6.958761472972604,6.958,345.50620794276045,5.281951900505008e-06
6.958761472972604,6.95704,345.51243659794403,5.281951900505008e-06
6.958761472972604,6.9577,345.5290693840771,5.281951900505008e-06
6.958761472972604,6.95684,345.52506263493655,5.281951900505008e-06
6.958761472972604,6.95856,345.4386696492241,7.368062997280774e-06
6.958761472972604,6.95902,345.4352668719421,7.368062997280774e-06
6.958761472972604,6.95487,345.4754621968024,7.368062997280774e-06
6.958761472972604,6.95854,345.50088203606856,7.368062997280774e-06
6.958761472972604,6.95948,345.47548959389576,7.368062997280774e-06
6.958761472972604,6.959,345.4454008818861,7.368062997280774e-06
6.958761472972604,6.95909,345.4276058868578,7.368062997280774e-06
6.958761472972604,6.95968,345.4490598511365,7.368062997280774e-06
6.958761472972604,6.95958,345.4324566296677,7.368062997280774e-06
6.958761472972604,6.9595,345.4468086261493,7.368062997280774e-06
6.958761472972604,6.95736,345.1885676831802,1.0278085328021965e-05
6.958761472972604,6.95929,345.199445839072,1.0278085328021965e-05
6.958761472972604,6.95881,345.1889274746762,1.0278085328021965e-05
6.958761472972604,6.95778,345.19263842517546,1.0278085328021965e-05
6.958761472972604,6.96123,345.17241404791474,1.0278085328021965e-05
6.958761472972604,6.95699,345.1808273604396,1.0278085328021965e-05
6.958761472972604,6.95958,345.17473430608123,1.0278085328021965e-05
6.958761472972604,6.95924,345.1607561348436,1.0278085328021965e-05
6.958761472972604,6.96128,345.1459927740346,1.0278085328021965e-05
6.958761472972604,6.95943,345.12281568282447,1.0278085328021965e-05
6.958761472972604,6.9605,344.74180578675924,1.433742328873774e-05
6.958761472972604,6.95825,344.7537637614007,1.433742328873774e-05
6.958761472972604,6.9615,344.7550703074802,1.433742328873774e-05
6.958761472972604,6.95862,344.78975181900773,1.433742328873774e-05
6.958761472972604,6.9568,344.77715232919275,1.433742328873774e-05
6.958761472972604,6.9594,344.7824803650907,1.433742328873774e-05
6.958761472972604,6.9571,344.78193021677595,1.433742328873774e-05
6.958761472972604,6.96036,344.7792832739449,1.433742328873774e-05
6.958761472972604,6.95763,344.7956362940534,1.433742328873774e-05
6.958761472972604,6.95888,344.7951113090702,1.433742328873774e-05
6.958761472972604,6.96018,342.33272617958266,1.9999999999999998e-05
6.958761472972604,6.95976,342.1639231884525,1.9999999999999998e-05
6.958761472972604,6.95932,342.09286358237654,1.9999999999999998e-05
6.958761472972604,6.95864,342.0570766181124,1.9999999999999998e-05
6.958761472972604,6.96029,342.0524461054272,1.9999999999999998e-05
6.958761472972604,6.95953,342.01616586405515,1.9999999999999998e-05
6.958761472972604,6.95968,342.00248080659986,1.9999999999999998e-05
6.958761472972604,6.95865,342.0172085749811,1.9999999999999998e-05
6.958761472972604,6.96212,341.9569838854048,1.9999999999999998e-05
6.958761472972604,6.95943,341.9720392524924,1.9999999999999998e-05
7.760001576391525,7.75894,325.7468446730908,1e-06
7.760001576391525,7.75947,325.7673617366015,1e-06
7.760001576391525,7.75722,325.71279201702123,1e-06
7.760001576391525,7.7589,325.75212963156883,1e-06
7.760001576391525,7.75994,325.7453521716108,1e-06
7.760001576391525,7.7579,325.7265874551615,1e-06
7.760001576391525,7.75921,325.6838439307616,1e-06
7.760001576391525,7.76039,325.72390739494995,1e-06
7.760001576391525,7.76128,325.7248845002354,1e-06
7.760001576391525,7.76121,325.67663912145895,1e-06
7.760001576391525,7.75861,325.8555423760344,1.3949507939624201e-06
7.760001576391525,7.75667,325.90373700691276,1.3949507939624201e-06
7.760001576391525,7.75652,325.90634024976765,1.3949507939624201e-06
7.760001576391525,7.75991,325.8164891148026,1.3949507939624201e-06
7.760001576391525,7.75817,325.8364729678478,1.3949507939624201e-06
7.760001576391525,7.75812,325.8982072326166,1.3949507939624201e-06
7.760001576391525,7.75428,325.91913631990946,1.3949507939624201e-06
7.760001576391525,7.75767,325.89908626967764,1.3949507939624201e-06
7.760001576391525,7.75877,325.8815532520109,1.3949507939624201e-06
7.760001576391525,7.75735,325.8710894780992,1.3949507939624201e-06
7.760001576391525,7.75859,325.4364827502403,1.94588771757639e-06
7.760001576391525,7.75843,325.4124231390932,1.94588771757639e-06
7.760001576391525,7.7593,325.4376382207633,1.94588771757639e-06
7.760001576391525,7.76066,325.34017146796845,1.94588771757639e-06
7.760001576391525,7.75927,325.4070132856992,1.94588771757639e-06
7.760001576391525,7.76017,325.42020132079887,1.94588771757639e-06
7.760001576391525,7.76056,325.43297660902596,1.94588771757639e-06
7.760001576391525,7.75757,325.4427832098541,1.94588771757639e-06
7.760001576391525,7.75653,325.44430066159146,1.94588771757639e-06
7.760001576391525,7.75962,325.4581641006644,1.94588771757639e-06
7.760001576391525,7.75907,325.5944169118236,2.7144176165949066e-06
7.760001576391525,7.75768,325.58464633377594,2.7144176165949066e-06
7.760001576391525,7.75848,325.58720250686684,2.7144176165949066e-06
7.760001576391525,7.75599,325.5720426836644,2.7144176165949066e-06
7.760001576391525,7.75929,325.5505869689556,2.7144176165949066e-06
7.760001576391525,7.75858,325.60452451547854,2.7144176165949066e-06
7.760001576391525,7.75955,325.59599840052954,2.7144176165949066e-06
7.760001576391525,7.75945,325.5710387271023,2.7144176165949066e-06
7.760001576391525,7.75964,325.56216688400696,2.7144176165949066e-06
7.760001576391525,7.7594,325.5554010553864,2.7144176165949066e-06
7.760001576391525,7.75731,325.44368357909485,3.786479009414645e-06
7.760001576391525,7.75957,325.44142407183017,3.786479009414645e-06
7.760001576391525,7.75777,325.4453005106238,3.786479009414645e-06
7.760001576391525,7.75817,325.4437119363647,3.786479009414645e-06
7.760001576391525,7.75755,325.4597587482488,3.786479009414645e-06
7.760001576391525,7.7594,325.4375555730721,3.786479009414645e-06
7.760001576391525,7.75713,325.4795095867256,3.786479009414645e-06
7.760001576391525,7.75957,325.449956207194,3.786479009414645e-06
7.760001576391525,7.75942,325.4242185818985,3.786479009414645e-06
7.760001576391525,7.75887,325.4464348014194,3.786479009414645e-06
7.760001576391525,7.75953,325.3927899338605,5.281951900505008e-06
7.760001576391525,7.75576,325.4109876086229,5.281951900505008e-06
7.760001576391525,7.75957,325.4060221669939,5.281951900505008e-06
7.760001576391525,7.75552,325.42102745268966,5.281951900505008e-06
7.760001576391525,7.75624,325.40718658399425,5.281951900505008e-06
7.760001576391525,7.75875,325.43327944511503,5.281951900505008e-06
7.760001576391525,7.75646,325.43947110241197,5.281951900505008e-06
7.760001576391525,7.75608,325.39791312472005,5.281951900505008e-06
7.760001576391525,7.75708,325.3972711504032,5.281951900505008e-06
7.760001576391525,7.76026,325.40813389251764,5.281951900505008e-06
7.760001576391525,7.76031,325.35495496266384,7.368062997280774e-06
7.760001576391525,7.76027,325.31477508510073,7.368062997280774e-06
7.760001576391525,7.76185,325.2927717216634,7.368062997280774e-06
7.760001576391525,7.75922,325.2931066074105,7.368062997280774e-06
7.760001576391525,7.76078,325.31699745570245,7.368062997280774e-06
7.760001576391525,7.75918,325.3061353825764,7.368062997280774e-06
7.760001576391525,7.75999,325.2958987792616,7.368062997280774e-06
7.760001576391525,7.76159,325.2793034271706,7.368062997280774e-06
7.760001576391525,7.75902,325.2807199151869,7.368062997280774e-06
7.760001576391525,7.76064,325.2867644717653,7.368062997280774e-06
7.760001576391525,7.75903,325.1583856885781,1.0278085328021965e-05
7.760001576391525,7.75961,325.14652552337685,1.0278085328021965e-05
7.760001576391525,7.75833,325.13847701686353,1.0278085328021965e-05
7.760001576391525,7.75934,325.14620710163473,1.0278085328021965e-05
7.760001576391525,7.75945,325.1555106996209,1.0278085328021965e-05
7.760001576391525,7.75885,325.1348749231409,1.0278085328021965e-05
7.760001576391525,7.75901,325.1360679599829,1.0278085328021965e-05
7.760001576391525,7.75987,325.152070115089,1.0278085328021965e-05
7.760001576391525,7.75804,325.1585977608014,1.0278085328021965e-05
7.760001576391525,7.75983,325.14028600337457,1.0278085328021965e-05
7.760001576391525,7.75896,324.8727211456378,1.433742328873774e-05
7.760001576391525,7.76005,324.8882869129441,1.433742328873774e-05
7.760001576391525,7.75773,324.9089851012017,1.433742328873774e-05
7.760001576391525,7.75859,324.88034308881606,1.433742328873774e-05
7.760001576391525,7.76107,324.87849628001635,1.433742328873774e-05
7.760001576391525,7.75873,324.88319343524404,1.433742328873774e-05
7.760001576391525,7.75974,324.86908908833175,1.433742328873774e-05
7.760001576391525,7.76141,324.8548112941696,1.433742328873774e-05
7.760001576391525,7.75933,324.8812750307748,1.433742328873774e-05
7.760001576391525,7.76003,324.9052170420798,1.433742328873774e-05
7.760001576391525,7.75679,323.94743946951274,1.9999999999999998e-05
7.760001576391525,7.75742,323.5583158795117,1.9999999999999998e-05
7.760001576391525,7.7585,323.3142316506013,1.9999999999999998e-05
7.760001576391525,7.76047,323.1966473374192,1.9999999999999998e-05
7.760001576391525,7.76059,323.15421154749714,1.9999999999999998e-05
7.760001576391525,7.76068,323.1366775542107,1.9999999999999998e-05
7.760001576391525,7.75958,323.14426912540773,1.9999999999999998e-05
7.760001576391525,7.75741,323.137267468105,1.9999999999999998e-05
7.760001576391525,7.75631,323.15486244994116,1.9999999999999998e-05
7.760001576391525,7.75962,323.1440015488834,1.9999999999999998e-05
8.653497421844452,8.64934,307.19327315981457,1e-06
8.653497421844452,8.64901,307.09993920395306,1e-06
8.653497421844452,8.64791,307.150160268142,1e-06
8.653497421844452,8.64786,307.1360963944837,1e-06
8.653497421844452,8.64833,307.19703769951883,1e-06
8.653497421844452,8.64929,307.1472783444209,1e-06
8.653497421844452,8.65086,307.0635071354521,1e-06
8.653497421844452,8.64751,307.1450535508478,1e-06
8.653497421844452,8.64786,307.1746501773188,1e-06
8.653497421844452,8.647,307.21961634780763,1e-06
8.653497421844452,8.64802,307.29515668704687,1.3949507939624201e-06
8.653497421844452,8.64764,307.2839016258333,1.3949507939624201e-06
8.653497421844452,8.64823,307.3066703791295,1.3949507939624201e-06
8.653497421844452,8.64881,307.30337745395707,1.3949507939624201e-06
8.653497421844452,8.6482,307.270560583503,1.3949507939624201e-06
8.653497421844452,8.64825,307.3075555740683,1.3949507939624201e-06
8.653497421844452,8.64809,307.26029540115144,1.3949507939624201e-06
8.653497421844452,8.64683,307.27550074099645,1.3949507939624201e-06
8.653497421844452,8.64873,307.2769478422877,1.3949507939624201e-06
8.653497421844452,8.65035,307.2620057517202,1.3949507939624201e-06
8.653497421844452,8.64959,306.7984176525339,1.94588771757639e-06
8.653497421844452,8.64713,306.8733687323494,1.94588771757639e-06
8.653497421844452,8.6472,306.8888014924192,1.94588771757639e-06
8.653497421844452,8.64709,306.8436277818974,1.94588771757639e-06
8.653497421844452,8.6475,306.8647385704682,1.94588771757639e-06
8.653497421844452,8.64881,306.84716923835214,1.94588771757639e-06
8.653497421844452,8.64926,306.8518617509249,1.94588771757639e-06
8.653497421844452,8.64899,306.85281084801153,1.94588771757639e-06
8.653497421844452,8.64754,306.8466560637646,1.94588771757639e-06
8.653497421844452,8.64834,306.8428387069939,1.94588771757639e-06
8.653497421844452,8.64841,306.99736447885033,2.7144176165949066e-06
8.653497421844452,8.64924,307.0024712870526,2.7144176165949066e-06
8.653497421844452,8.64935,306.9911239671386,2.7144176165949066e-06
8.653497421844452,8.64973,306.97978455862375,2.7144176165949066e-06
8.653497421844452,8.6501,306.9905029222991,2.7144176165949066e-06
8.653497421844452,8.65104,306.95516586650325,2.7144176165949066e-06
8.653497421844452,8.65184,306.9537560551607,2.7144176165949066e-06
8.653497421844452,8.6505,306.94891744339225,2.7144176165949066e-06
8.653497421844452,8.65089,306.92932961004146,2.7144176165949066e-06
8.653497421844452,8.65048,306.9556041580206,2.7144176165949066e-06
8.653497421844452,8.65031,306.8832169361528,3.786479009414645e-06
8.653497421844452,8.65153,306.85923859588104,3.786479009414645e-06
8.653497421844452,8.65144,306.8655458198495,3.786479009414645e-06
8.653497421844452,8.64927,306.88839043647107,3.786479009414645e-06
8.653497421844452,8.65018,306.87601475674666,3.786479009414645e-06
8.653497421844452,8.64958,306.8975345217191,3.786479009414645e-06
8.653497421844452,8.64889,306.88865926338957,3.786479009414645e-06
8.653497421844452,8.65244,306.86438147034795,3.786479009414645e-06
8.653497421844452,8.65114,306.8555464793417,3.786479009414645e-06
8.653497421844452,8.65108,306.85166153336706,3.786479009414645e-06
8.653497421844452,8.65183,306.7880213273464,5.281951900505008e-06
8.653497421844452,8.65014,306.8159311506092,5.281951900505008e-06
8.653497421844452,8.64949,306.82933536292944,5.281951900505008e-06
8.653497421844452,8.64717,306.85105393546536,5.281951900505008e-06
8.653497421844452,8.64662,306.86690935941107,5.281951900505008e-06
8.653497421844452,8.64736,306.85323437134974,5.281951900505008e-06
8.653497421844452,8.64878,306.83649343754837,5.281951900505008e-06
8.653497421844452,8.64871,306.8387917787855,5.281951900505008e-06
8.653497421844452,8.64853,306.84698498108696,5.281951900505008e-06
8.653497421844452,8.64767,306.8545227922556,5.281951900505008e-06
8.653497421844452,8.64918,306.8123098707724,7.368062997280774e-06
8.653497421844452,8.64897,306.803475182552,7.368062997280774e-06
8.653497421844452,8.64979,306.7855653528985,7.368062997280774e-06
8.653497421844452,8.65082,306.76938970096046,7.368062997280774e-06
8.653497421844452,8.6516,306.77398687492786,7.368062997280774e-06
8.653497421844452,8.65067,306.76964676730415,7.368062997280774e-06
8.653497421844452,8.65147,306.76835502349996,7.368062997280774e-06
8.653497421844452,8.65002,306.78905119583584,7.368062997280774e-06
8.653497421844452,8.64984,306.79288358285777,7.368062997280774e-06
8.653497421844452,8.64988,306.78646566801837,7.368062997280774e-06
8.653497421844452,8.65052,306.6583400951157,1.0278085328021965e-05
8.653497421844452,8.6513,306.6405870383046,1.0278085328021965e-05
8.653497421844452,8.65075,306.64113174006417,1.0278085328021965e-05
8.653497421844452,8.64906,306.66873727538393,1.0278085328021965e-05
8.653497421844452,8.64765,306.7052625893066,1.0278085328021965e-05
8.653497421844452,8.64772,306.704951898276,1.0278085328021965e-05
8.653497421844452,8.64888,306.6912752247903,1.0278085328021965e-05
8.653497421844452,8.65001,306.6754170280702,1.0278085328021965e-05
8.653497421844452,8.65015,306.66922639959535,1.0278085328021965e-05
8.653497421844452,8.64988,306.66158824761055,1.0278085328021965e-05
8.653497421844452,8.64977,306.4790832091666,1.433742328873774e-05
8.653497421844452,8.64955,306.4714762441619,1.433742328873774e-05
8.653497421844452,8.64946,306.4786527364585,1.433742328873774e-05
8.653497421844452,8.64867,306.491553287562,1.433742328873774e-05
8.653497421844452,8.64974,306.4764994742278,1.433742328873774e-05
8.653497421844452,8.65072,306.4697808646969,1.433742328873774e-05
8.653497421844452,8.65037,306.45824407629584,1.433742328873774e-05
8.653497421844452,8.65102,306.45393066187467,1.433742328873774e-05
8.653497421844452,8.65134,306.44389228995635,1.433742328873774e-05
8.653497421844452,8.65052,306.4571425814124,1.433742328873774e-05
8.653497421844452,8.64861,306.046553026836,1.9999999999999998e-05
8.653497421844452,8.64988,306.0369651543788,1.9999999999999998e-05
8.653497421844452,8.65044,306.0191056024962,1.9999999999999998e-05
8.653497421844452,8.65065,306.0052389752566,1.9999999999999998e-05
8.653497421844452,8.65156,305.9980048527952,1.9999999999999998e-05
8.653497421844452,8.65256,305.97421556032026,1.9999999999999998e-05
8.653497421844452,8.65279,305.97009088752515,1.9999999999999998e-05
8.653497421844452,8.65264,305.97713689037533,1.9999999999999998e-05
8.653497421844452,8.65173,305.99145051643956,1.9999999999999998e-05
8.653497421844452,8.65159,305.9897446624099,1.9999999999999998e-05
9.64987144560477,9.6475,290.2095104082346,1e-06
9.64987144560477,9.64732,290.18582151064345,1e-06
9.64987144560477,9.64851,290.19669207537976,1e-06
9.64987144560477,9.64761,290.1858472804531,1e-06
9.64987144560477,9.64849,290.27568083716017,1e-06
9.64987144560477,9.64684,290.2233681234151,1e-06
9.64987144560477,9.64659,290.22993298244296,1e-06
9.64987144560477,9.64788,290.2713880163565,1e-06
9.64987144560477,9.65058,290.20023112924883,1e-06
9.64987144560477,9.65103,290.16328795952165,1e-06
9.64987144560477,9.65084,290.30079938400013,1.3949507939624201e-06
9.64987144560477,9.65088,290.3224350877746,1.3949507939624201e-06
9.64987144560477,9.65079,290.28305853795644,1.3949507939624201e-06
9.64987144560477,9.64993,290.28674094890204,1.3949507939624201e-06
9.64987144560477,9.6494,290.26265594921847,1.3949507939624201e-06
9.64987144560477,9.64913,290.38326414450165,1.3949507939624201e-06
9.64987144560477,9.64775,290.3429254262717,1.3949507939624201e-06
9.64987144560477,9.64606,290.4026275913549,1.3949507939624201e-06
9.64987144560477,9.64707,290.3377805193403,1.3949507939624201e-06
9.64987144560477,9.64874,290.3193192015899,1.3949507939624201e-06
9.64987144560477,9.64985,289.97213585283396,1.94588771757639e-06
9.64987144560477,9.64911,289.9115271750399,1.94588771757639e-06
9.64987144560477,9.6483,289.94748581501085,1.94588771757639e-06
9.64987144560477,9.64793,289.9489083570396,1.94588771757639e-06
9.64987144560477,9.64864,289.95277979027225,1.94588771757639e-06
9.64987144560477,9.64802,289.96705818342025,1.94588771757639e-06
9.64987144560477,9.64803,289.937927524467,1.94588771757639e-06
9.64987144560477,9.64858,289.9578144192367,1.94588771757639e-06
9.64987144560477,9.64886,289.93609223556575,1.94588771757639e-06
9.64987144560477,9.64948,289.9214319963804,1.94588771757639e-06
9.64987144560477,9.64922,290.0257643972501,2.7144176165949066e-06
9.64987144560477,9.64881,290.0762264660917,2.7144176165949066e-06
9.64987144560477,9.64904,290.07100177804097,2.7144176165949066e-06
9.64987144560477,9.64849,290.0531631550596,2.7144176165949066e-06
9.64987144560477,9.64874,290.05889654608075,2.7144176165949066e-06
9.64987144560477,9.64819,290.05293372448205,2.7144176165949066e-06
9.64987144560477,9.64736,290.05730160799624,2.7144176165949066e-06
9.64987144560477,9.64763,290.06616395741247,2.7144176165949066e-06
9.64987144560477,9.64802,290.0384376676748,2.7144176165949066e-06
9.64987144560477,9.64848,290.0553126822301,2.7144176165949066e-06
9.64987144560477,9.64805,289.9851816288906,3.786479009414645e-06
9.64987144560477,9.64871,289.96937188378274,3.786479009414645e-06
9.64987144560477,9.64766,290.0013293926554,3.786479009414645e-06
9.64987144560477,9.64822,289.9817781893586,3.786479009414645e-06
9.64987144560477,9.6475,290.01018933805915,3.786479009414645e-06
9.64987144560477,9.64706,290.0001219401036,3.786479009414645e-06
9.64987144560477,9.64876,289.9924320156554,3.786479009414645e-06
9.64987144560477,9.64928,289.9716370625013,3.786479009414645e-06
9.64987144560477,9.64997,289.96761827021277,3.786479009414645e-06
9.64987144560477,9.64952,289.9704761158721,3.786479009414645e-06
9.64987144560477,9.64949,289.9092695854485,5.281951900505008e-06
9.64987144560477,9.64804,289.9127022574925,5.281951900505008e-06
9.64987144560477,9.64788,289.9255084050755,5.281951900505008e-06
9.64987144560477,9.64923,289.9298957039062,5.281951900505008e-06
9.64987144560477,9.64812,289.9135857344974,5.281951900505008e-06
9.64987144560477,9.64842,289.93268314907186,5.281951900505008e-06
9.64987144560477,9.64642,289.930130294901,5.281951900505008e-06
9.64987144560477,9.64777,289.93907199290703,5.281951900505008e-06
9.64987144560477,9.64734,289.9388971677289,5.281951900505008e-06
9.64987144560477,9.6481,289.94103694659515,5.281951900505008e-06
9.64987144560477,9.64887,289.9078299637349,7.368062997280774e-06
9.64987144560477,9.6482,289.90061869902297,7.368062997280774e-06
9.64987144560477,9.65126,289.8711490447389,7.368062997280774e-06
9.64987144560477,9.65121,289.8648194418067,7.368062997280774e-06
9.64987144560477,9.65052,289.8642787864013,7.368062997280774e-06
9.64987144560477,9.64917,289.8802597441017,7.368062997280774e-06
9.64987144560477,9.65009,289.8830385088646,7.368062997280774e-06
9.64987144560477,9.64971,289.8919912377531,7.368062997280774e-06
9.64987144560477,9.65012,289.89333777574393,7.368062997280774e-06
9.64987144560477,9.65178,289.8787686427248,7.368062997280774e-06
9.64987144560477,9.65022,289.7926876971135,1.0278085328021965e-05
9.64987144560477,9.64994,289.78253204934776,1.0278085328021965e-05
9.64987144560477,9.65019,289.8007155187498,1.0278085328021965e-05
9.64987144560477,9.64879,289.8075895839165,1.0278085328021965e-05
9.64987144560477,9.64862,289.81508210601004,1.0278085328021965e-05
9.64987144560477,9.64822,289.82409319058485,1.0278085328021965e-05
9.64987144560477,9.64752,289.82608061027685,1.0278085328021965e-05
9.64987144560477,9.65027,289.81383641675404,1.0278085328021965e-05
9.64987144560477,9.65094,289.78776239808076,1.0278085328021965e-05
9.64987144560477,9.6493,289.791858003716,1.0278085328021965e-05
9.64987144560477,9.65059,289.6604694214467,1.433742328873774e-05
9.64987144560477,9.65071,289.6517092868597,1.433742328873774e-05
9.64987144560477,9.64999,289.66858219937245,1.433742328873774e-05
9.64987144560477,9.65139,289.6488796103111,1.433742328873774e-05
9.64987144560477,9.64863,289.6639818031459,1.433742328873774e-05
9.64987144560477,9.64884,289.67228195802295,1.433742328873774e-05
9.64987144560477,9.64786,289.68244345052796,1.433742328873774e-05
9.64987144560477,9.64777,289.68081831869694,1.433742328873774e-05
9.64987144560477,9.64755,289.6922589472237,1.433742328873774e-05
9.64987144560477,9.64781,289.69989946333726,1.433742328873774e-05
9.64987144560477,9.64809,289.3787772125171,1.9999999999999998e-05
9.64987144560477,9.64876,289.3783677946651,1.9999999999999998e-05
9.64987144560477,9.64852,289.3707447628253,1.9999999999999998e-05
9.64987144560477,9.64794,289.37943541640726,1.9999999999999998e-05
9.64987144560477,9.64783,289.3812401620817,1.9999999999999998e-05
9.64987144560477,9.64797,289.3826702791474,1.9999999999999998e-05
9.64987144560477,9.6483,289.3788358388342,1.9999999999999998e-05
9.64987144560477,9.65062,289.3545330829005,1.9999999999999998e-05
9.64987144560477,9.64926,289.35461178819435,1.9999999999999998e-05
9.64987144560477,9.65096,289.3420276384855,1.9999999999999998e-05
10.760969163939524,10.7586,274.6825837199934,1e-06
10.760969163939524,10.7597,274.69393532117795,1e-06
10.760969163939524,10.7579,274.6667803841785,1e-06
10.760969163939524,10.7593,274.64557397825763,1e-06
10.760969163939524,10.7589,274.5827214123343,1e-06
10.760969163939524,10.7587,274.64147657851106,1e-06
10.760969163939524,10.7576,274.6584266708588,1e-06
10.760969163939524,10.7567,274.66431721986544,1e-06
10.760969163939524,10.758,274.7012668320451,1e-06
10.760969163939524,10.7594,274.6200275068819,1e-06
10.760969163939524,10.76,274.7960927686329,1.3949507939624201e-06
10.760969163939524,10.7588,274.7706715094591,1.3949507939624201e-06
10.760969163939524,10.758,274.82580452918836,1.3949507939624201e-06
10.760969163939524,10.7592,274.7588622392404,1.3949507939624201e-06
10.760969163939524,10.7593,274.76768185977005,1.3949507939624201e-06
10.760969163939524,10.7581,274.7946133384829,1.3949507939624201e-06
10.760969163939524,10.7578,274.7944439968424,1.3949507939624201e-06
10.760969163939524,10.7585,274.77435238093517,1.3949507939624201e-06
10.760969163939524,10.758,274.75349564870686,1.3949507939624201e-06
10.760969163939524,10.7581,274.7736072777171,1.3949507939624201e-06
10.760969163939524,10.758,274.44752856789006,1.94588771757639e-06
10.760969163939524,10.7588,274.4191450469923,1.94588771757639e-06
10.760969163939524,10.7594,274.42983342522996,1.94588771757639e-06
10.760969163939524,10.7597,274.42310366472475,1.94588771757639e-06
10.760969163939524,10.7595,274.3983829964207,1.94588771757639e-06
10.760969163939524,10.7604,274.4457098330077,1.94588771757639e-06
10.760969163939524,10.7599,274.4398232238678,1.94588771757639e-06
10.760969163939524,10.7602,274.44536109500837,1.94588771757639e-06
10.760969163939524,10.76,274.4485747818879,1.94588771757639e-06
10.760969163939524,10.7592,274.43289481513506,1.94588771757639e-06
10.760969163939524,10.7597,274.57184204874727,2.7144176165949066e-06
10.760969163939524,10.7585,274.5696782810582,2.7144176165949066e-06
10.760969163939524,10.759,274.5624512178626,2.7144176165949066e-06
10.760969163939524,10.7587,274.57836183285184,2.7144176165949066e-06
10.760969163939524,10.758,274.5545271603949,2.7144176165949066e-06
10.760969163939524,10.76,274.5620667238601,2.7144176165949066e-06
10.760969163939524,10.7588,274.5733191069834,2.7144176165949066e-06
10.760969163939524,10.7601,274.5644876120242,2.7144176165949066e-06
10.760969163939524,10.7606,274.54627636213917,2.7144176165949066e-06
10.760969163939524,10.7594,274.5455872792663,2.7144176165949066e-06
10.760969163939524,10.7591,274.4618313354485,3.786479009414645e-06
10.760969163939524,10.7588,274.44754380858825,3.786479009414645e-06
10.760969163939524,10.7598,274.4463040287488,3.786479009414645e-06
10.760969163939524,10.7595,274.44236180108896,3.786479009414645e-06
10.760969163939524,10.7618,274.4412978363228,3.786479009414645e-06
10.760969163939524,10.7593,274.45024682355404,3.786479009414645e-06
10.760969163939524,10.7583,274.4494409099438,3.786479009414645e-06
10.760969163939524,10.7608,274.44230622084,3.786479009414645e-06
10.760969163939524,10.762,274.43778210200213,3.786479009414645e-06
10.760969163939524,10.7613,274.4382675784626,3.786479009414645e-06
10.760969163939524,10.76,274.3637545738957,5.281951900505008e-06
10.760969163939524,10.7597,274.4080349455243,5.281951900505008e-06
10.760969163939524,10.7598,274.3895128277569,5.281951900505008e-06
10.760969163939524,10.7584,274.4052800259732,5.281951900505008e-06
10.760969163939524,10.76,274.38892330099344,5.281951900505008e-06
10.760969163939524,10.7596,274.41640053358276,5.281951900505008e-06
10.760969163939524,10.7581,274.41201364132235,5.281951900505008e-06
10.760969163939524,10.7606,274.4088448333262,5.281951900505008e-06
10.760969163939524,10.7593,274.38592321962267,5.281951900505008e-06
10.760969163939524,10.7597,274.3924889214869,5.281951900505008e-06
10.760969163939524,10.7604,274.40549044843203,7.368062997280774e-06
10.760969163939524,10.7597,274.3965059505736,7.368062997280774e-06
10.760969163939524,10.7595,274.4020002336181,7.368062997280774e-06
10.760969163939524,10.76,274.3889475588601,7.368062997280774e-06
10.760969163939524,10.7604,274.38001086018585,7.368062997280774e-06
10.760969163939524,10.7606,274.3862200907826,7.368062997280774e-06
10.760969163939524,10.7592,274.384293550497,7.368062997280774e-06
10.760969163939524,10.762,274.3954494137302,7.368062997280774e-06
10.760969163939524,10.7595,274.38995600506104,7.368062997280774e-06
10.760969163939524,10.7599,274.3855905405531,7.368062997280774e-06
10.760969163939524,10.7606,274.3122532434332,1.0278085328021965e-05
10.760969163939524,10.759,274.3112927547532,1.0278085328021965e-05
10.760969163939524,10.7595,274.31874119089696,1.0278085328021965e-05
10.760969163939524,10.7601,274.32119809461415,1.0278085328021965e-05
10.760969163939524,10.7588,274.32599343411687,1.0278085328021965e-05
10.760969163939524,10.7588,274.32849922936134,1.0278085328021965e-05
10.760969163939524,10.7595,274.3307743568872,1.0278085328021965e-05
10.760969163939524,10.7612,274.3234623573561,1.0278085328021965e-05
10.760969163939524,10.7583,274.3197468102175,1.0278085328021965e-05
10.760969163939524,10.7602,274.3155977164157,1.0278085328021965e-05
10.760969163939524,10.7598,274.2226958505165,1.433742328873774e-05
10.760969163939524,10.7603,274.23189439624343,1.433742328873774e-05
10.760969163939524,10.7599,274.2249845154361,1.433742328873774e-05
10.760969163939524,10.7606,274.21989747835073,1.433742328873774e-05
10.760969163939524,10.7604,274.2133669946796,1.433742328873774e-05
10.760969163939524,10.7621,274.2083413681057,1.433742328873774e-05
10.760969163939524,10.7611,274.1992542599901,1.433742328873774e-05
10.760969163939524,10.7631,274.2073664387889,1.433742328873774e-05
10.760969163939524,10.76,274.2190871591612,1.433742328873774e-05
10.760969163939524,10.7597,274.2228532711206,1.433742328873774e-05
10.760969163939524,10.7613,273.99747314206013,1.9999999999999998e-05
10.760969163939524,10.76,274.00012378173875,1.9999999999999998e-05
10.760969163939524,10.7601,274.0064676646483,1.9999999999999998e-05
10.760969163939524,10.7609,273.99310773629236,1.9999999999999998e-05
10.760969163939524,10.76,273.9974675586012,1.9999999999999998e-05
10.760969163939524,10.7591,274.00103367077065,1.9999999999999998e-05
10.760969163939524,10.761,274.0156146586108,1.9999999999999998e-05
10.760969163939524,10.759,274.02249047334266,1.9999999999999998e-05
10.760969163939524,10.7587,274.02145710397264,1.9999999999999998e-05
10.760969163939524,10.76,274.0080849349571,1.9999999999999998e-05
12.0,11.9984,260.1636796464395,1e-06
12.0,11.9971,260.20207881041625,1e-06
12.0,11.9968,260.2054525080063,1e-06
12.0,11.9979,260.18598771172617,1e-06
12.0,11.9991,260.146942155022,1e-06
12.0,11.9971,260.20866729176976,1e-06
12.0,11.9996,260.13674160533856,1e-06
12.0,12.0009,260.2604624618361,1e-06
12.0,12.0001,260.19252894842845,1e-06
12.0,11.9983,260.1658915551077,1e-06
12.0,11.999,260.3033995071769,1.3949507939624201e-06
12.0,11.9971,260.31311509893163,1.3949507939624201e-06
12.0,11.9991,260.3396678681577,1.3949507939624201e-06
12.0,11.9987,260.32378978015925,1.3949507939624201e-06
12.0,11.9966,260.35710389924844,1.3949507939624201e-06
12.0,11.9972,260.3364673111527,1.3949507939624201e-06
12.0,11.9972,260.31146170873285,1.3949507939624201e-06
12.0,11.998,260.32806026843804,1.3949507939624201e-06
12.0,12.0012,260.30013275298523,1.3949507939624201e-06
12.0,12.0001,260.3248396983301,1.3949507939624201e-06
12.0,11.9992,259.98121198943915,1.94588771757639e-06
12.0,11.9962,259.9984557591824,1.94588771757639e-06
12.0,11.9993,259.9904568572241,1.94588771757639e-06
12.0,12.0004,260.0221589071215,1.94588771757639e-06
12.0,11.9984,260.00672062904533,1.94588771757639e-06
12.0,12.0001,259.99770310312067,1.94588771757639e-06
12.0,11.998,260.00445935005627,1.94588771757639e-06
12.0,11.9998,260.00409295443677,1.94588771757639e-06
12.0,11.9993,260.02031368580873,1.94588771757639e-06
12.0,12.0006,260.00012330069166,1.94588771757639e-06
12.0,12.0001,260.0899205386272,2.7144176165949066e-06
12.0,12.0008,260.1083841621477,2.7144176165949066e-06
12.0,11.9992,260.0977528238638,2.7144176165949066e-06
12.0,12.0007,260.07686040078016,2.7144176165949066e-06
12.0,11.9975,260.1106753033643,2.7144176165949066e-06
12.0,12.0011,260.0861206935776,2.7144176165949066e-06
12.0,12.0015,260.0932354149041,2.7144176165949066e-06
12.0,11.9998,260.0913200651508,2.7144176165949066e-06
12.0,12.0013,260.1024276696682,2.7144176165949066e-06
12.0,12.0005,260.0921119962136,2.7144176165949066e-06
12.0,12.0018,260.01073293674693,3.786479009414645e-06
12.0,12.0011,259.98597023439015,3.786479009414645e-06
12.0,12.0028,259.9825390047338,3.786479009414645e-06
12.0,12.0005,259.9859798758619,3.786479009414645e-06
12.0,12.0018,259.97609793445145,3.786479009414645e-06
12.0,12.0014,259.9950576050984,3.786479009414645e-06
12.0,12.0005,260.00601145131066,3.786479009414645e-06
12.0,11.9992,260.02228228562683,3.786479009414645e-06
12.0,11.9986,260.00990887448404,3.786479009414645e-06
12.0,11.9976,259.99939116308263,3.786479009414645e-06
12.0,12.0006,259.97104125919265,5.281951900505008e-06
12.0,12.0016,259.961464905133,5.281951900505008e-06
12.0,12.0021,259.9582948774264,5.281951900505008e-06
12.0,12.0018,259.96585992879716,5.281951900505008e-06
12.0,12.0009,259.97240286273114,5.281951900505008e-06
12.0,12.0013,259.9661920966356,5.281951900505008e-06
12.0,12.0011,259.94884537326345,5.281951900505008e-06
12.0,12.0009,259.9604732804599,5.281951900505008e-06
12.0,12.0008,259.95674462532355,5.281951900505008e-06
12.0,11.9993,259.95959142973584,5.281951900505008e-06
12.0,11.9996,259.9628241608605,7.368062997280774e-06
12.0,11.999,259.9755183417378,7.368062997280774e-06
12.0,11.9986,259.9772044288108,7.368062997280774e-06
12.0,11.9992,259.97449444823957,7.368062997280774e-06
12.0,12.0002,259.96372447598037,7.368062997280774e-06
12.0,11.9989,259.96237560632204,7.368062997280774e-06
12.0,12.0,259.9665624068066,7.368062997280774e-06
12.0,12.0016,259.96047267417003,7.368062997280774e-06
12.0,11.9982,259.96376936058005,7.368062997280774e-06
12.0,12.0011,259.96836828329816,7.368062997280774e-06
12.0,11.9998,259.89783690633175,1.0278085328021965e-05
12.0,11.9994,259.90249852541785,1.0278085328021965e-05
12.0,12.0014,259.90761939055983,1.0278085328021965e-05
12.0,11.9995,259.9044011162206,1.0278085328021965e-05
12.0,12.0001,259.9091563395983,1.0278085328021965e-05
12.0,11.9986,259.90663132204395,1.0278085328021965e-05
12.0,11.9995,259.8981290018668,1.0278085328021965e-05
12.0,12.0007,259.9022622163692,1.0278085328021965e-05
12.0,11.9992,259.9044431127889,1.0278085328021965e-05
12.0,11.9986,259.89962687947104,1.0278085328021965e-05
12.0,12.0016,259.84778860319403,1.433742328873774e-05
12.0,12.0008,259.85019949000986,1.433742328873774e-05
12.0,11.9991,259.8529112883325,1.433742328873774e-05
12.0,11.9992,259.85316666619167,1.433742328873774e-05
12.0,12.0001,259.8455992435651,1.433742328873774e-05
12.0,12.0003,259.83502150761694,1.433742328873774e-05
12.0,12.0001,259.83738056995236,1.433742328873774e-05
12.0,12.0015,259.8390176843222,1.433742328873774e-05
12.0,11.9994,259.84836526287603,1.433742328873774e-05
12.0,11.999,259.8575266627326,1.433742328873774e-05
12.0,11.9985,259.69228046280165,1.9999999999999998e-05
12.0,11.9982,259.6915163879432,1.9999999999999998e-05
12.0,11.9997,259.69531238829023,1.9999999999999998e-05
12.0,11.9981,259.6929207351991,1.9999999999999998e-05
12.0,11.9984,259.703823190075,1.9999999999999998e-05
12.0,11.9989,259.68756533924113,1.9999999999999998e-05
12.0,11.9988,259.69244560433236,1.9999999999999998e-05
12.0,12.0011,259.6856332477569,1.9999999999999998e-05
12.0,12.0019,259.6852238299048,1.9999999999999998e-05
12.0,11.9997,259.69087611554573,1.9999999999999998e-05
