T(K)	C
 1.83542806243198E+0000	 2.11083721560418E-0008
 1.85550313948435E+0000	 2.39078692011185E-0008
 1.87322278622691E+0000	 2.45523548483138E-0008
 1.89333580533001E+0000	 2.35491101696037E-0008
 1.91025731124301E+0000	 2.48755388760020E-0008
 1.92921165622680E+0000	 2.59465587821639E-0008
 1.94856872096834E+0000	 2.65209175319012E-0008
 1.96847082429599E+0000	 2.70835948250074E-0008
 1.98786172932118E+0000	 2.76379360850422E-0008
 2.00753134645259E+0000	 2.82010412942432E-0008
 2.02671579601732E+0000	 2.88841315836179E-0008
 2.04683402802428E+0000	 2.95669118468107E-0008
 2.07048255744982E+0000	 2.85051099468035E-0008
 2.08914943675470E+0000	 2.99123324967475E-0008
 2.11020889813514E+0000	 3.16828123159354E-0008
 2.13174922235820E+0000	 3.23456189700094E-0008
 2.15249207748908E+0000	 3.32366531372557E-0008
 2.17458223098299E+0000	 3.40223749700780E-0008
 2.19715806407315E+0000	 3.46978014599878E-0008
 2.21888341568670E+0000	 3.58811937138217E-0008
 2.24171146907692E+0000	 3.66137300174864E-0008
 2.26611739629814E+0000	 3.52653613654229E-0008
 2.28517412657970E+0000	 3.81181867869980E-0008
 2.30733060211914E+0000	 3.93510703529535E-0008
 2.33026375544449E+0000	 4.01981455638471E-0008
 2.35406158839348E+0000	 4.13097154010862E-0008
 2.37807847459520E+0000	 4.25707713159881E-0008
 2.40153065958117E+0000	 4.35465981965548E-0008
 2.42570993628686E+0000	 4.45411187013180E-0008
 2.45001425632447E+0000	 4.57403676712855E-0008
 2.47469116580475E+0000	 4.69102027381645E-0008
 2.49911746119077E+0000	 4.80499772130691E-0008
 2.52252092096689E+0000	 4.89910752229684E-0008
 2.54837932876358E+0000	 5.06859869382132E-0008
 2.57526230026002E+0000	 5.15323757045929E-0008
 2.60005821854955E+0000	 5.31553186640440E-0008
 2.62458107845285E+0000	 5.42216005217774E-0008
 2.65390024978379E+0000	 5.60942705450826E-0008
 2.67920587759900E+0000	 5.68633622822937E-0008
 2.70566050986901E+0000	 5.88777790959338E-0008
 2.72922700857798E+0000	 5.82678505772477E-0008
 2.79276622096485E+0000	 5.91888936233846E-0008
 2.81650086908907E+0000	 6.42447319306064E-0008
 2.84555876413669E+0000	 6.60339467775185E-0008
 2.87299149055084E+0000	 6.76832884927109E-0008
 2.90148395758327E+0000	 6.93406587218032E-0008
 2.93199439617246E+0000	 7.11844863906873E-0008
 2.96121143719841E+0000	 7.29373717385482E-0008
 2.98962379783869E+0000	 6.55576359110548E-0008
 3.01909212000746E+0000	 7.64340019304633E-0008
 3.04927301114509E+0000	 7.81096533299814E-0008
 3.07970671853277E+0000	 8.02795092942953E-0008
 3.11112696866399E+0000	 8.24931274626949E-0008
 3.14303963073643E+0000	 8.44098129985705E-0008
 3.17390621890375E+0000	 8.64275230905580E-0008
 3.20537787512863E+0000	 8.89095652166897E-0008
 3.23686182681739E+0000	 8.93296276563773E-0008
 3.26853630336969E+0000	 9.31957020665906E-0008
 3.30202642763192E+0000	 9.50536409689532E-0008
 3.33468348955691E+0000	 9.80403168257474E-0008
 3.36815470735076E+0000	 1.00675528982394E-0007
 3.40295777698872E+0000	 1.02728664694499E-0007
 3.43226393716884E+0000	 9.86426166185944E-0008
 3.47330142313830E+0000	 1.05202700594294E-0007
 3.50589828092935E+0000	 1.10421645411899E-0007
 3.54114174024186E+0000	 1.13259845735837E-0007
 3.57432587576709E+0000	 1.16557278368626E-0007
 3.61070044836233E+0000	 1.19572413638563E-0007
 3.64639143128525E+0000	 1.22557179497816E-0007
 3.68538525020956E+0000	 1.25104174601801E-0007
 3.72394053487698E+0000	 1.19594677597750E-0007
 3.75779790642473E+0000	 1.31369621809937E-0007
 3.79522733738296E+0000	 1.35136040146799E-0007
 3.83381825489424E+0000	 1.38963398113208E-0007
 3.87232185284921E+0000	 1.42793955180280E-0007
 3.90924472480727E+0000	 1.46218355089554E-0007
 3.94919336321827E+0000	 1.50019706041375E-0007
 3.99639344530454E+0000	 1.44943708670126E-0007
 4.02867094594118E+0000	 1.55605604119057E-0007
 4.06980153229542E+0000	 1.61797240872739E-0007
 4.11146321928619E+0000	 1.66262074374555E-0007
 4.15199033012686E+0000	 1.71337333689746E-0007
 4.19301736328646E+0000	 1.75649244733142E-0007
 4.23182600408351E+0000	 1.78316051980449E-0007
 4.27838071082775E+0000	 1.85081634847575E-0007
 4.32827401857105E+0000	 1.79720858636349E-0007
 4.36190201760035E+0000	 1.93689710878899E-0007
 4.40509986816213E+0000	 1.99204925918092E-0007
 4.45084310965276E+0000	 2.05217731546697E-0007
 4.49717668324527E+0000	 2.11364891156906E-0007
 4.53978954336176E+0000	 2.15951305767828E-0007
 4.58555243411114E+0000	 2.22676145375642E-0007
 4.63080271081413E+0000	 2.28033010400762E-0007
 4.68156028952171E+0000	 2.27373299093572E-0007
 4.72463363769169E+0000	 2.39930987413767E-0007
 4.77248012861098E+0000	 2.46841047822557E-0007
 4.82030450470552E+0000	 2.54086545556132E-0007
 4.86878914592708E+0000	 2.61353874454094E-0007
 4.91445172406638E+0000	 2.67388540777472E-0007
 4.96279607135470E+0000	 2.75070910043651E-0007
 5.02623806360620E+0000	 2.51727408700417E-0007
 5.06373060285105E+0000	 2.85090796661873E-0007
 5.11617080636623E+0000	 2.97053174609033E-0007
 5.16745832133708E+0000	 3.05455762668606E-0007
 5.21724369948459E+0000	 3.14458901718591E-0007
 5.27008353827064E+0000	 3.22969111219738E-0007
 5.32489169488113E+0000	 3.32301161259493E-0007
 5.37610302597344E+0000	 3.41227366540180E-0007
 5.43876259934672E+0000	 3.34258319717077E-0007
 5.48399444286792E+0000	 3.58873908323096E-0007
 5.53951076315814E+0000	 3.69747114144467E-0007
 5.59533444109227E+0000	 3.80555653310831E-0007
 5.64929222339760E+0000	 3.91283281932648E-0007
 5.70441693038854E+0000	 3.99207209236517E-0007
 5.76786980800488E+0000	 4.14038719045165E-0007
 5.82737622421872E+0000	 4.26719596343933E-0007
 5.88697974685914E+0000	 4.13994766796681E-0007
 5.93811238700532E+0000	 4.48624387777845E-0007
 5.99761525723413E+0000	 4.62341816312412E-0007
 6.05866780058099E+0000	 4.75296484169177E-0007
 6.12053708481105E+0000	 4.93193755330754E-0007
 6.17698575725435E+0000	 4.92553697732989E-0007
 6.24289812147538E+0000	 5.27351052050403E-0007
 6.30650462383493E+0000	 5.37040361604594E-0007
 6.37338544416670E+0000	 5.27269992907419E-0007
 6.43027999806965E+0000	 5.59463471063419E-0007
 6.49436096063671E+0000	 5.77038188070286E-0007
 6.55994633831572E+0000	 5.96096197667588E-0007
 6.62575918403290E+0000	 6.12706971624636E-0007
 6.68989674706412E+0000	 6.12406493649297E-0007
 6.75873894355187E+0000	 6.43764265969942E-0007
 6.84154092418984E+0000	 6.23303360994388E-0007
 6.89496051103197E+0000	 6.74796405902981E-0007
 6.96438908334174E+0000	 6.97384987760422E-0007
 7.03635071815711E+0000	 7.20342266421250E-0007
 7.10838578416178E+0000	 7.42058504474716E-0007
 7.17795980924159E+0000	 7.63003233795579E-0007
 7.24523986188650E+0000	 7.82729974027661E-0007
 7.31871117064554E+0000	 8.06080865314029E-0007
 7.39476608992303E+0000	 8.30806075940664E-0007
 7.46951207252787E+0000	 8.38178757915736E-0007
 7.54056382823697E+0000	 8.74626588021218E-0007
 7.61577949112708E+0000	 9.02298776474109E-0007
 7.69267250512987E+0000	 9.30028121210499E-0007
 7.77197561445229E+0000	 9.55846979262150E-0007
 7.84848204850109E+0000	 9.82296600959856E-0007
 7.92728777219738E+0000	 1.01180590268295E-0006
 8.02639359979470E+0000	 1.01006247587379E-0006
 8.08642452544614E+0000	 1.06105411345119E-0006
 8.16643729770343E+0000	 1.09954389024148E-0006
 8.24963841654604E+0000	 1.13207598162462E-0006
 8.33179424507723E+0000	 1.16843406468679E-0006
 8.40922505970096E+0000	 1.20002314960965E-0006
 8.49999645971729E+0000	 1.23620842664544E-0006
 8.58630482282694E+0000	 1.27588194747931E-0006
 8.68674568574166E+0000	 1.25923325318332E-0006
 8.75334782644684E+0000	 1.34105256204185E-0006
 8.84369678443859E+0000	 1.38589829293061E-0006
 8.93493554019659E+0000	 1.42902416601836E-0006
 9.02165236003860E+0000	 1.47244653562186E-0006
 9.10910337853555E+0000	 1.51624651233771E-0006
 9.20274434275372E+0000	 1.56062300914443E-0006
 9.29296337984612E+0000	 1.60692199648488E-0006
 9.40363721494400E+0000	 1.60282428581665E-0006
 9.48003923824590E+0000	 1.69603296271140E-0006
 9.57465191093840E+0000	 1.75091441839433E-0006
 9.67044716777207E+0000	 1.80513716210640E-0006
 9.76610712122092E+0000	 1.86438336971785E-0006
 9.86014835147956E+0000	 1.91653931224704E-0006
 9.96342685232124E+0000	 1.97383537791229E-0006
 1.00692193222106E+0001	 2.04203117281140E-0006
 1.01797998699376E+0001	 2.02000800171430E-0006
 1.02650771777344E+0001	 2.15504988355015E-0006
 1.03693530365959E+0001	 2.22401034761712E-0006
 1.04750485767605E+0001	 2.29849316628189E-0006
 1.05803144373718E+0001	 2.36943901032085E-0006
 1.06834839498839E+0001	 2.44056652664709E-0006
 1.07931537839671E+0001	 2.51407594251411E-0006
 1.08983018188289E+0001	 2.59524903859462E-0006
 1.10157765270094E+0001	 2.64591625471055E-0006
 1.11159123448322E+0001	 2.73504310231439E-0006
 1.12273103254202E+0001	 2.83427115059659E-0006
 1.13437766747848E+0001	 2.93557330168978E-0006
 1.14563674132432E+0001	 3.02516592606538E-0006
 1.15572224190686E+0001	 3.09574694176693E-0006
 1.16850045316287E+0001	 3.21004315368575E-0006
 1.18009674604446E+0001	 3.31156529742696E-0006
 1.19163282601684E+0001	 3.42074273637554E-0006
 1.20394800572130E+0001	 3.45399462808954E-0006
 1.21578600247670E+0001	 3.62408448766656E-0006
 1.22825812746137E+0001	 3.74876596431917E-0006
 1.24033605895633E+0001	 3.86553777673528E-0006
 1.25204642360460E+0001	 3.97599257076107E-0006
 1.26564995930477E+0001	 4.11475931000479E-0006
 1.27840016917971E+0001	 4.25218703243315E-0006
 1.29130618477605E+0001	 4.39852240429480E-0006
 1.30409541134239E+0001	 4.41988870437338E-0006
 1.31658811362482E+0001	 4.64244405841194E-0006
 1.33000937266946E+0001	 4.80301561935946E-0006
 1.34322065725943E+0001	 4.95913796763689E-0006
 1.35654065474862E+0001	 5.10498470020466E-0006
 1.36980941662258E+0001	 5.27114572885902E-0006
 1.38355338080795E+0001	 5.43991963404422E-0006
 1.39835018599936E+0001	 5.55865658346984E-0006
 1.41155262855277E+0001	 5.74149910588354E-0006
 1.42577654686625E+0001	 5.96668238662784E-0006
 1.43998522208114E+0001	 6.16570292600019E-0006
 1.45354430388548E+0001	 6.33724811894626E-0006
 1.46904052749784E+0001	 6.55415375101334E-0006
 1.48412171828122E+0001	 6.77026944205003E-0006
 1.49956653264953E+0001	 6.99777408817167E-0006
 1.51398858439203E+0001	 7.21709955369355E-0006
 1.53008058808837E+0001	 7.35583242815908E-0006
 1.54361817170299E+0001	 7.65135487717212E-0006
 1.55856080550040E+0001	 7.87815593558203E-0006
 1.57489757074304E+0001	 8.13213986071911E-0006
 1.59015865161702E+0001	 8.37829651633468E-0006
 1.60610984188411E+0001	 8.63759224291126E-0006
 1.62259817383979E+0001	 8.94244178233494E-0006
 1.64013334380001E+0001	 9.16070729161647E-0006
 1.65510301661220E+0001	 9.44360597560379E-0006
 1.67132915009946E+0001	 9.76411854493860E-0006
 1.68895276227860E+0001	 1.00573650119656E-0005
 1.70594143785638E+0001	 1.03836140210786E-0005
 1.72296149695646E+0001	 1.07009458141694E-0005
 1.74061002563988E+0001	 1.10467139861320E-0005
 1.75743811014429E+0001	 1.13916693494985E-0005
 1.77622145948248E+0001	 1.14976398308449E-0005
 1.79194402722627E+0001	 1.20147131765158E-0005
 1.81013454230920E+0001	 1.23864450571025E-0005
 1.82842165797988E+0001	 1.27756672610088E-0005
 1.84665759877666E+0001	 1.31716500617453E-0005
 1.86509905348430E+0001	 1.35653355236399E-0005
 1.88330577535210E+0001	 1.39526207558660E-0005
 1.90192972619195E+0001	 1.43985239083177E-0005
 1.92478129246450E+0001	 1.44614533289726E-0005
 1.94102392478164E+0001	 1.51748163178520E-0005
 1.96055458305124E+0001	 1.55954874315816E-0005
 1.98013009560877E+0001	 1.60864753383295E-0005
 1.99949170948097E+0001	 1.65530991918277E-0005
 2.01952108243982E+0001	 1.70084018862276E-0005
 2.03362145059622E+0001	 1.73600840623676E-0005
 2.12771406919846E+0001	 1.96466232163453E-0005
 2.14397331829993E+0001	 2.00254944138543E-0005
 2.16565890080077E+0001	 2.06193686667672E-0005
 2.18707500023976E+0001	 2.11307073016070E-0005
 2.20098890967318E+0001	 2.14731467419953E-0005
